B_PARAMS
 CapMat 2
  VDD_15:BGA_VDD_15  2.989262e-12 -2.989262e-12
  VSS:BGA_VSS  -2.989262e-12 2.989262e-12
 EndCapMat

 ResMat 9
  VDD_15:FCHIP_VDD_15_Group_0  4.250243e-03 1.847680e-03 4.120671e-03 1.824100e-03 1.439733e-04 0.000000e+00 0.000000e+00 0.000000e+00 0.000000e+00
  VDD_15:FCHIP_VDD_15_Group_1  1.847680e-03 4.273500e-03 1.823891e-03 4.142628e-03 3.299317e-04 0.000000e+00 0.000000e+00 0.000000e+00 0.000000e+00
  VDD_15:FCHIP_VDD_15_Group_2  4.120671e-03 1.823891e-03 4.297722e-03 1.800615e-03 1.421197e-04 0.000000e+00 0.000000e+00 0.000000e+00 0.000000e+00
  VDD_15:FCHIP_VDD_15_Group_3  1.824100e-03 4.142628e-03 1.800615e-03 4.320791e-03 3.317865e-04 0.000000e+00 0.000000e+00 0.000000e+00 0.000000e+00
  VDD_15:Group_COMP1_part_COMP1_VDD_15_1  1.439733e-04 3.299317e-04 1.421197e-04 3.317865e-04 9.714195e-04 0.000000e+00 0.000000e+00 0.000000e+00 0.000000e+00
  VSS:FCHIP_VSS_Group_0  0.000000e+00 0.000000e+00 0.000000e+00 0.000000e+00 0.000000e+00 1.045594e-04 5.740984e-05 1.126874e-05 1.033379e-05
  VSS:FCHIP_VSS_Group_1  0.000000e+00 0.000000e+00 0.000000e+00 0.000000e+00 0.000000e+00 5.740984e-05 1.083064e-04 1.021448e-05 1.150148e-05
  VSS:FCHIP_VSS_Group_2  0.000000e+00 0.000000e+00 0.000000e+00 0.000000e+00 0.000000e+00 1.126874e-05 1.021448e-05 1.079291e-04 6.049972e-05
  VSS:FCHIP_VSS_Group_3  0.000000e+00 0.000000e+00 0.000000e+00 0.000000e+00 0.000000e+00 1.033379e-05 1.150148e-05 6.049972e-05 1.146301e-04
 EndResMat

 ResMatAC 9
  VDD_15:FCHIP_VDD_15_Group_0  3.350728e-02 1.383130e-02 3.067510e-02 1.361307e-02 3.722167e-04 2.022737e-03 1.906722e-03 2.243265e-03 1.967488e-03
  VDD_15:FCHIP_VDD_15_Group_1  1.383130e-02 3.331838e-02 1.362001e-02 3.047052e-02 8.069022e-03 1.544359e-03 1.668519e-03 1.759739e-03 2.026353e-03
  VDD_15:FCHIP_VDD_15_Group_2  3.067510e-02 1.362001e-02 3.393196e-02 1.340629e-02 1.993816e-04 1.887434e-03 1.785345e-03 2.377649e-03 2.084173e-03
  VDD_15:FCHIP_VDD_15_Group_3  1.361307e-02 3.047052e-02 1.340629e-02 3.374181e-02 8.058871e-03 1.431799e-03 1.540278e-03 1.868991e-03 2.153237e-03
  VDD_15:Group_COMP1_part_COMP1_VDD_15_1  3.722167e-04 8.069022e-03 1.993816e-04 8.058871e-03 4.267152e-02 -1.315847e-03 -1.283867e-03 -2.466205e-04 -8.086397e-04
  VSS:FCHIP_VSS_Group_0  2.022737e-03 1.544359e-03 1.887434e-03 1.431799e-03 -1.315847e-03 7.410230e-03 6.074604e-03 4.286441e-03 4.231300e-03
  VSS:FCHIP_VSS_Group_1  1.906722e-03 1.668519e-03 1.785345e-03 1.540278e-03 -1.283867e-03 6.074604e-03 7.900886e-03 4.333370e-03 4.337628e-03
  VSS:FCHIP_VSS_Group_2  2.243265e-03 1.759739e-03 2.377649e-03 1.868991e-03 -2.466205e-04 4.286441e-03 4.333370e-03 7.126446e-03 5.615987e-03
  VSS:FCHIP_VSS_Group_3  1.967488e-03 2.026353e-03 2.084173e-03 2.153237e-03 -8.086397e-04 4.231300e-03 4.337628e-03 5.615987e-03 7.214348e-03
 EndResMatAC

 IndMat 9
  VDD_15:FCHIP_VDD_15_Group_0  2.256321e-10 1.582024e-10 2.197920e-10 1.574955e-10 7.275310e-11 4.745178e-11 4.729911e-11 4.868301e-11 4.829963e-11
  VDD_15:FCHIP_VDD_15_Group_1  1.582024e-10 2.256905e-10 1.575036e-10 2.198152e-10 1.185957e-10 4.589309e-11 4.605064e-11 4.756499e-11 4.789720e-11
  VDD_15:FCHIP_VDD_15_Group_2  2.197920e-10 1.575036e-10 2.270367e-10 1.568016e-10 7.204877e-11 4.718749e-11 4.704291e-11 4.895235e-11 4.855405e-11
  VDD_15:FCHIP_VDD_15_Group_3  1.574955e-10 2.198152e-10 1.568016e-10 2.270933e-10 1.188624e-10 4.563988e-11 4.578769e-11 4.779949e-11 4.814661e-11
  VDD_15:Group_COMP1_part_COMP1_VDD_15_1  7.275310e-11 1.185957e-10 7.204877e-11 1.188624e-10 3.015234e-10 -1.712805e-11 -1.714977e-11 -4.793841e-11 -4.992007e-11
  VSS:FCHIP_VSS_Group_0  4.745178e-11 4.589309e-11 4.718749e-11 4.563988e-11 -1.712805e-11 1.205079e-10 1.174239e-10 6.836757e-11 6.828244e-11
  VSS:FCHIP_VSS_Group_1  4.729911e-11 4.605064e-11 4.704291e-11 4.578769e-11 -1.714977e-11 1.174239e-10 1.219809e-10 6.856592e-11 6.852967e-11
  VSS:FCHIP_VSS_Group_2  4.868301e-11 4.756499e-11 4.895235e-11 4.779949e-11 -4.793841e-11 6.836757e-11 6.856592e-11 1.143923e-10 1.106827e-10
  VSS:FCHIP_VSS_Group_3  4.829963e-11 4.789720e-11 4.855405e-11 4.814661e-11 -4.992007e-11 6.828244e-11 6.852967e-11 1.106827e-10 1.145716e-10
 EndIndMat

 CndMat 2
  VDD_15:BGA_VDD_15  5.211383e-05 -5.211383e-05
  VSS:BGA_VSS  -5.211383e-05 5.211383e-05
 EndCndMat

E_PARAMS
