B_PARAMS
 CapMat 32
  RXDATA0+:BGA_RXDATA0+_Group  4.245858e-13 -7.943466e-14 -9.151865e-17 -7.203267e-16 -1.307248e-18 -2.910317e-17 -6.472047e-20 -8.096630e-20 -6.141825e-20 -7.601717e-20 -7.003276e-20 -5.558149e-20 -4.965448e-20 -5.082207e-20 -5.473336e-20 -5.271276e-20 -3.243604e-20 -6.326319e-20 -5.447655e-20 -6.280633e-20 -6.077728e-20 -5.657707e-20 -5.491169e-20 -5.240107e-20 -5.541906e-20 -5.536208e-20 -7.090404e-20 -6.487966e-20 -4.728311e-20 -5.058717e-20 -5.168912e-20 -5.439221e-20
  RXDATA0-:BGA_RXDATA0-_Group  -7.943466e-14 4.359994e-13 -5.433943e-16 -1.806042e-15 -2.563657e-18 -3.092341e-18 -1.608714e-19 -2.863602e-19 -9.967124e-20 -2.205754e-19 -1.441102e-19 -8.083452e-20 -5.171039e-20 -5.223821e-20 -5.279309e-20 -5.264525e-20 -7.081504e-20 -5.865864e-20 -5.735768e-20 -6.222354e-20 -5.119119e-20 -5.231503e-20 -5.620646e-20 -5.841278e-20 -5.181561e-20 -5.882195e-20 -7.182841e-20 -6.873279e-20 -5.589876e-20 -4.499668e-20 -4.558524e-20 -5.075735e-20
  RXDATA1+:BGA_RXDATA1+_Group  -9.151865e-17 -5.433943e-16 4.536512e-13 -9.043920e-14 -3.904366e-16 -9.334432e-16 -3.362783e-19 -6.447694e-19 -1.646256e-19 -4.577742e-19 -2.529472e-19 -9.454207e-20 -6.085621e-20 -6.323639e-20 -6.056859e-20 -5.784062e-20 -5.991298e-20 -5.774947e-20 -7.068082e-20 -6.601055e-20 -6.565134e-20 -6.286094e-20 -6.020299e-20 -5.857163e-20 -6.504434e-20 -6.183977e-20 -7.700384e-20 -7.329991e-20 -5.607202e-20 -5.100490e-20 -5.528295e-20 -5.532874e-20
  RXDATA1-:BGA_RXDATA1-_Group  -7.203267e-16 -1.806042e-15 -9.043920e-14 4.197478e-13 -2.191416e-16 -7.435891e-16 -1.900245e-19 -3.497844e-19 -1.073980e-19 -2.564376e-19 -1.604355e-19 -7.643936e-20 -5.156052e-20 -5.286533e-20 -5.489278e-20 -5.015831e-20 -5.692469e-20 -4.877495e-20 -5.401869e-20 -5.741309e-20 -5.371027e-20 -5.648776e-20 -5.508945e-20 -4.810098e-20 -5.262871e-20 -5.479017e-20 -6.785950e-20 -6.337624e-20 -5.342128e-20 -4.706248e-20 -4.910010e-20 -5.049429e-20
  RXDATA2+:BGA_RXDATA2+_Group  -1.307248e-18 -2.563657e-18 -3.904366e-16 -2.191416e-16 4.097702e-13 -8.227007e-14 -4.278906e-16 -7.010999e-16 -4.230211e-17 -1.039900e-16 -6.366065e-18 -5.252500e-18 -6.056370e-20 -6.311896e-20 -5.950157e-20 -5.324959e-20 -5.850847e-20 -4.940347e-20 -5.841356e-20 -5.872879e-20 -5.638025e-20 -5.160841e-20 -5.298750e-20 -4.847506e-20 -5.207825e-20 -5.450390e-20 -6.793425e-20 -6.434537e-20 -4.850779e-20 -4.331166e-20 -4.879636e-20 -4.947574e-20
  RXDATA2-:BGA_RXDATA2-_Group  -2.910317e-17 -3.092341e-18 -9.334432e-16 -7.435891e-16 -8.227007e-14 3.879378e-13 -2.783329e-16 -4.529756e-16 -3.774820e-17 -7.632165e-17 -7.066050e-18 -5.882899e-18 -5.088040e-20 -5.209311e-20 -5.246553e-20 -4.817658e-20 -5.259710e-20 -4.578996e-20 -5.535066e-20 -5.420165e-20 -5.475426e-20 -5.396016e-20 -5.346126e-20 -4.442435e-20 -5.054044e-20 -5.278995e-20 -6.435966e-20 -6.085696e-20 -5.052695e-20 -4.366494e-20 -4.717311e-20 -4.719535e-20
  RXDATA3+:BGA_RXDATA3+_Group  -6.472047e-20 -1.608714e-19 -3.362783e-19 -1.900245e-19 -4.278906e-16 -2.783329e-16 3.709574e-13 -7.323332e-14 -2.627505e-15 -1.046240e-14 -1.034386e-16 -6.660427e-17 -5.622706e-20 -7.797924e-20 -7.202060e-20 -4.909710e-20 -4.846036e-20 -4.916621e-20 -5.046441e-20 -5.094044e-20 -5.363142e-20 -4.831520e-20 -4.554212e-20 -4.247536e-20 -5.000750e-20 -4.669240e-20 -5.996732e-20 -5.575545e-20 -4.648586e-20 -3.998240e-20 -4.394136e-20 -4.398896e-20
  RXDATA3-:BGA_RXDATA3-_Group  -8.096630e-20 -2.863602e-19 -6.447694e-19 -3.497844e-19 -7.010999e-16 -4.529756e-16 -7.323332e-14 3.721168e-13 -1.111911e-15 -2.854149e-15 -6.537155e-17 -4.568659e-17 -4.633812e-20 -5.021592e-20 -5.132156e-20 -4.669837e-20 -5.142046e-20 -4.666522e-20 -5.255622e-20 -5.300285e-20 -5.117012e-20 -4.924094e-20 -5.000831e-20 -4.294724e-20 -4.811754e-20 -4.913321e-20 -6.150852e-20 -5.778811e-20 -3.920398e-20 -4.395879e-20 -4.425933e-20 -4.511532e-20
  RXDATA4+:BGA_RXDATA4+_Group  -6.141825e-20 -9.967124e-20 -1.646256e-19 -1.073980e-19 -4.230211e-17 -3.774820e-17 -2.627505e-15 -1.111911e-15 4.235481e-13 -8.932430e-14 -1.429374e-15 -7.538901e-16 -3.801485e-19 -2.918294e-19 -1.786540e-19 -1.058873e-19 -5.823495e-20 -5.453070e-20 -5.877365e-20 -5.919577e-20 -5.786458e-20 -5.539337e-20 -5.391538e-20 -5.009612e-20 -5.511830e-20 -5.456898e-20 -6.924675e-20 -6.455371e-20 -4.911160e-20 -4.849578e-20 -4.999141e-20 -5.090457e-20
  RXDATA4-:BGA_RXDATA4-_Group  -7.601717e-20 -2.205754e-19 -4.577742e-19 -2.564376e-19 -1.039900e-16 -7.632165e-17 -1.046240e-14 -2.854149e-15 -8.932430e-14 4.246203e-13 -6.610271e-16 -3.768922e-16 -2.449223e-19 -1.966186e-19 -1.229442e-19 -8.128949e-20 -5.633848e-20 -5.283698e-20 -5.568091e-20 -5.774540e-20 -5.497973e-20 -5.748830e-20 -5.241750e-20 -4.927722e-20 -5.408118e-20 -5.307387e-20 -6.850703e-20 -6.255318e-20 -4.604790e-20 -4.846060e-20 -4.931378e-20 -4.983617e-20
  RXDATA5+:BGA_RXDATA5+_Group  -7.003276e-20 -1.441102e-19 -2.529472e-19 -1.604355e-19 -6.366065e-18 -7.066050e-18 -1.034386e-16 -6.537155e-17 -1.429374e-15 -6.610271e-16 5.216978e-13 -1.156590e-13 -4.086136e-19 -7.907616e-19 -4.431046e-19 -2.121858e-19 -7.342099e-20 -6.699003e-20 -7.212129e-20 -7.556691e-20 -7.340394e-20 -6.959054e-20 -6.651674e-20 -6.194633e-20 -6.739920e-20 -6.768826e-20 -8.624036e-20 -7.931582e-20 -5.998613e-20 -5.979121e-20 -6.116158e-20 -6.467108e-20
  RXDATA5-:BGA_RXDATA5-_Group  -5.558149e-20 -8.083452e-20 -9.454207e-20 -7.643936e-20 -5.252500e-18 -5.882899e-18 -6.660427e-17 -4.568659e-17 -7.538901e-16 -3.768922e-16 -1.156590e-13 5.202924e-13 -7.826934e-19 -1.229025e-18 -7.399413e-19 -3.742128e-19 -6.734678e-20 -6.141715e-20 -6.662404e-20 -6.950186e-20 -6.782673e-20 -6.555883e-20 -6.275167e-20 -5.783676e-20 -6.185564e-20 -6.393854e-20 -7.991833e-20 -7.564847e-20 -5.613251e-20 -5.607051e-20 -5.699686e-20 -5.771321e-20
  RXDATA6+:BGA_RXDATA6+_Group  -4.965448e-20 -5.171039e-20 -6.085621e-20 -5.156052e-20 -6.056370e-20 -5.088040e-20 -5.622706e-20 -4.633812e-20 -3.801485e-19 -2.449223e-19 -4.086136e-19 -7.826934e-19 2.794054e-13 -1.044890e-18 -3.605707e-19 -2.930166e-19 -4.957354e-20 -4.543439e-20 -4.899314e-20 -5.002444e-20 -4.892578e-20 -4.776746e-20 -4.540246e-20 -4.204431e-20 -4.571232e-20 -4.609281e-20 -5.855391e-20 -5.460321e-20 -4.063406e-20 -4.087531e-20 -4.153076e-20 -4.316360e-20
  RXDATA6-:BGA_RXDATA6-_Group  -5.082207e-20 -5.223821e-20 -6.323639e-20 -5.286533e-20 -6.311896e-20 -5.209311e-20 -7.797924e-20 -5.021592e-20 -2.918294e-19 -1.966186e-19 -7.907616e-19 -1.229025e-18 -1.044890e-18 2.829910e-13 -6.073473e-19 -4.088104e-19 -5.030545e-20 -4.610643e-20 -4.983324e-20 -5.066769e-20 -4.968160e-20 -4.864513e-20 -4.612796e-20 -4.287720e-20 -4.639396e-20 -4.678069e-20 -5.932115e-20 -5.560744e-20 -4.135921e-20 -4.152555e-20 -4.228639e-20 -4.359656e-20
  RXDATA7+:BGA_RXDATA7+_Group  -5.473336e-20 -5.279309e-20 -6.056859e-20 -5.489278e-20 -5.950157e-20 -5.246553e-20 -7.202060e-20 -5.132156e-20 -1.786540e-19 -1.229442e-19 -4.431046e-19 -7.399413e-19 -3.605707e-19 -6.073473e-19 3.020427e-13 -3.346198e-19 -5.576349e-20 -4.943325e-20 -5.680490e-20 -5.408854e-20 -5.273658e-20 -5.285525e-20 -4.940628e-20 -4.580915e-20 -5.027193e-20 -4.957795e-20 -6.502683e-20 -5.874914e-20 -4.746551e-20 -4.220144e-20 -4.681600e-20 -5.140747e-20
  RXDATA7-:BGA_RXDATA7-_Group  -5.271276e-20 -5.264525e-20 -5.784062e-20 -5.015831e-20 -5.324959e-20 -4.817658e-20 -4.909710e-20 -4.669837e-20 -1.058873e-19 -8.128949e-20 -2.121858e-19 -3.742128e-19 -2.930166e-19 -4.088104e-19 -3.346198e-19 2.922407e-13 -5.134642e-20 -4.791375e-20 -5.041453e-20 -5.270494e-20 -5.190691e-20 -4.950555e-20 -4.811714e-20 -4.507647e-20 -4.808995e-20 -4.843927e-20 -6.052163e-20 -5.800907e-20 -4.257044e-20 -4.398052e-20 -4.306822e-20 -4.412654e-20
  TXDATA0+:BGA_TXDATA0+_Group  -3.243604e-20 -7.081504e-20 -5.991298e-20 -5.692469e-20 -5.850847e-20 -5.259710e-20 -4.846036e-20 -5.142046e-20 -5.823495e-20 -5.633848e-20 -7.342099e-20 -6.734678e-20 -4.957354e-20 -5.030545e-20 -5.576349e-20 -5.134642e-20 4.222964e-13 -7.914042e-14 -2.895033e-16 -5.371526e-17 -9.116262e-19 -4.759955e-19 -8.182321e-20 -7.041022e-20 -7.763194e-20 -6.698131e-20 -7.287354e-20 -5.827932e-20 -4.963728e-20 -5.194067e-20 -5.165690e-20 -5.436115e-20
  TXDATA0-:BGA_TXDATA0-_Group  -6.326319e-20 -5.865864e-20 -5.774947e-20 -4.877495e-20 -4.940347e-20 -4.578996e-20 -4.916621e-20 -4.666522e-20 -5.453070e-20 -5.283698e-20 -6.699003e-20 -6.141715e-20 -4.543439e-20 -4.610643e-20 -4.943325e-20 -4.791375e-20 -7.914042e-14 4.377007e-13 -7.243260e-16 -2.461838e-16 -2.829806e-19 -2.044231e-19 -2.358594e-19 -1.538939e-19 -1.852438e-19 -1.193213e-19 -1.899786e-19 -7.305579e-20 -4.878852e-20 -4.394376e-20 -4.910856e-20 -5.128406e-20
  TXDATA1+:BGA_TXDATA1+_Group  -5.447655e-20 -5.735768e-20 -7.068082e-20 -5.401869e-20 -5.841356e-20 -5.535066e-20 -5.046441e-20 -5.255622e-20 -5.877365e-20 -5.568091e-20 -7.212129e-20 -6.662404e-20 -4.899314e-20 -4.983324e-20 -5.680490e-20 -5.041453e-20 -2.895033e-16 -7.243260e-16 4.452924e-13 -9.096823e-14 -4.834258e-16 -2.512071e-16 -6.426358e-18 -1.547698e-17 -2.971373e-18 -1.585750e-19 -2.400894e-19 -1.709509e-18 -6.747271e-20 -4.390071e-20 -5.100833e-20 -5.739404e-20
  TXDATA1-:BGA_TXDATA1-_Group  -6.280633e-20 -6.222354e-20 -6.601055e-20 -5.741309e-20 -5.872879e-20 -5.420165e-20 -5.094044e-20 -5.300285e-20 -5.919577e-20 -5.774540e-20 -7.556691e-20 -6.950186e-20 -5.002444e-20 -5.066769e-20 -5.408854e-20 -5.270494e-20 -5.371526e-17 -2.461838e-16 -9.096823e-14 4.538092e-13 -1.155749e-15 -5.367385e-16 -1.215671e-17 -2.760915e-17 -4.232759e-18 -2.225475e-19 -3.583241e-19 -1.999220e-18 -6.113643e-20 -5.726279e-20 -5.304199e-20 -5.989160e-20
  TXDATA2+:BGA_TXDATA2+_Group  -6.077728e-20 -5.119119e-20 -6.565134e-20 -5.371027e-20 -5.638025e-20 -5.475426e-20 -5.363142e-20 -5.117012e-20 -5.786458e-20 -5.497973e-20 -7.340394e-20 -6.782673e-20 -4.892578e-20 -4.968160e-20 -5.273658e-20 -5.190691e-20 -9.116262e-19 -2.829806e-19 -4.834258e-16 -1.155749e-15 4.362736e-13 -8.650563e-14 -3.841886e-16 -2.576630e-16 -1.670499e-17 -9.672728e-18 -9.778718e-19 -9.167355e-19 -5.577660e-20 -5.335621e-20 -4.748708e-20 -5.987221e-20
  TXDATA2-:BGA_TXDATA2-_Group  -5.657707e-20 -5.231503e-20 -6.286094e-20 -5.648776e-20 -5.160841e-20 -5.396016e-20 -4.831520e-20 -4.924094e-20 -5.539337e-20 -5.748830e-20 -6.959054e-20 -6.555883e-20 -4.776746e-20 -4.864513e-20 -5.285525e-20 -4.950555e-20 -4.759955e-19 -2.044231e-19 -2.512071e-16 -5.367385e-16 -8.650563e-14 4.216115e-13 -1.044025e-15 -8.652175e-16 -8.742579e-17 -2.148988e-17 -1.738605e-18 -1.265560e-17 -7.484496e-20 -6.604759e-20 -6.141783e-20 -7.013576e-20
  TXDATA3+:BGA_TXDATA3+_Group  -5.491169e-20 -5.620646e-20 -6.020299e-20 -5.508945e-20 -5.298750e-20 -5.346126e-20 -4.554212e-20 -5.000831e-20 -5.391538e-20 -5.241750e-20 -6.651674e-20 -6.275167e-20 -4.540246e-20 -4.612796e-20 -4.940628e-20 -4.811714e-20 -8.182321e-20 -2.358594e-19 -6.426358e-18 -1.215671e-17 -3.841886e-16 -1.044025e-15 3.901779e-13 -7.137031e-14 -1.013956e-15 -3.924730e-16 -1.273786e-17 -8.286760e-18 -5.498898e-20 -5.844708e-20 -4.918882e-20 -6.118324e-20
  TXDATA3-:BGA_TXDATA3-_Group  -5.240107e-20 -5.841278e-20 -5.857163e-20 -4.810098e-20 -4.847506e-20 -4.442435e-20 -4.247536e-20 -4.294724e-20 -5.009612e-20 -4.927722e-20 -6.194633e-20 -5.783676e-20 -4.204431e-20 -4.287720e-20 -4.580915e-20 -4.507647e-20 -7.041022e-20 -1.538939e-19 -1.547698e-17 -2.760915e-17 -2.576630e-16 -8.652175e-16 -7.137031e-14 3.717705e-13 -4.074434e-15 -1.109177e-15 -2.407469e-17 -5.016169e-17 -8.899869e-20 -1.072832e-19 -5.411918e-20 -1.071999e-19
  TXDATA4+:BGA_TXDATA4+_Group  -5.541906e-20 -5.181561e-20 -6.504434e-20 -5.262871e-20 -5.207825e-20 -5.054044e-20 -5.000750e-20 -4.811754e-20 -5.511830e-20 -5.408118e-20 -6.739920e-20 -6.185564e-20 -4.571232e-20 -4.639396e-20 -5.027193e-20 -4.808995e-20 -7.763194e-20 -1.852438e-19 -2.971373e-18 -4.232759e-18 -1.670499e-17 -8.742579e-17 -1.013956e-15 -4.074434e-15 4.299300e-13 -1.043034e-13 -1.146335e-15 -7.875149e-16 -2.991829e-19 -2.141610e-19 -8.143345e-20 -1.662981e-19
  TXDATA4-:BGA_TXDATA4-_Group  -5.536208e-20 -5.882195e-20 -6.183977e-20 -5.479017e-20 -5.450390e-20 -5.278995e-20 -4.669240e-20 -4.913321e-20 -5.456898e-20 -5.307387e-20 -6.768826e-20 -6.393854e-20 -4.609281e-20 -4.678069e-20 -4.957795e-20 -4.843927e-20 -6.698131e-20 -1.193213e-19 -1.585750e-19 -2.225475e-19 -9.672728e-18 -2.148988e-17 -3.924730e-16 -1.109177e-15 -1.043034e-13 4.297311e-13 -2.394525e-15 -1.160607e-15 -4.595354e-19 -3.189391e-19 -1.044521e-19 -2.510743e-19
  TXDATA5+:BGA_TXDATA5+_Group  -7.090404e-20 -7.182841e-20 -7.700384e-20 -6.785950e-20 -6.793425e-20 -6.435966e-20 -5.996732e-20 -6.150852e-20 -6.924675e-20 -6.850703e-20 -8.624036e-20 -7.991833e-20 -5.855391e-20 -5.932115e-20 -6.502683e-20 -6.052163e-20 -7.287354e-20 -1.899786e-19 -2.400894e-19 -3.583241e-19 -9.778718e-19 -1.738605e-18 -1.273786e-17 -2.407469e-17 -1.146335e-15 -2.394525e-15 5.218752e-13 -1.162894e-13 -4.393757e-19 -7.932210e-19 -2.203218e-19 -5.529545e-19
  TXDATA5-:BGA_TXDATA5-_Group  -6.487966e-20 -6.873279e-20 -7.329991e-20 -6.337624e-20 -6.434537e-20 -6.085696e-20 -5.575545e-20 -5.778811e-20 -6.455371e-20 -6.255318e-20 -7.931582e-20 -7.564847e-20 -5.460321e-20 -5.560744e-20 -5.874914e-20 -5.800907e-20 -5.827932e-20 -7.305579e-20 -1.709509e-18 -1.999220e-18 -9.167355e-19 -1.265560e-17 -8.286760e-18 -5.016169e-17 -7.875149e-16 -1.160607e-15 -1.162894e-13 5.221364e-13 -8.298549e-19 -1.232862e-18 -4.792752e-19 -8.128548e-19
  TXDATA6+:BGA_TXDATA6+_Group  -4.728311e-20 -5.589876e-20 -5.607202e-20 -5.342128e-20 -4.850779e-20 -5.052695e-20 -4.648586e-20 -3.920398e-20 -4.911160e-20 -4.604790e-20 -5.998613e-20 -5.613251e-20 -4.063406e-20 -4.135921e-20 -4.746551e-20 -4.257044e-20 -4.963728e-20 -4.878852e-20 -6.747271e-20 -6.113643e-20 -5.577660e-20 -7.484496e-20 -5.498898e-20 -8.899869e-20 -2.991829e-19 -4.595354e-19 -4.393757e-19 -8.298549e-19 2.839644e-13 -1.304357e-18 -3.959102e-19 -4.637228e-19
  TXDATA6-:BGA_TXDATA6-_Group  -5.058717e-20 -4.499668e-20 -5.100490e-20 -4.706248e-20 -4.331166e-20 -4.366494e-20 -3.998240e-20 -4.395879e-20 -4.849578e-20 -4.846060e-20 -5.979121e-20 -5.607051e-20 -4.087531e-20 -4.152555e-20 -4.220144e-20 -4.398052e-20 -5.194067e-20 -4.394376e-20 -4.390071e-20 -5.726279e-20 -5.335621e-20 -6.604759e-20 -5.844708e-20 -1.072832e-19 -2.141610e-19 -3.189391e-19 -7.932210e-19 -1.232862e-18 -1.304357e-18 2.836347e-13 -4.876437e-19 -6.854875e-19
  TXDATA7+:BGA_TXDATA7+_Group  -5.168912e-20 -4.558524e-20 -5.528295e-20 -4.910010e-20 -4.879636e-20 -4.717311e-20 -4.394136e-20 -4.425933e-20 -4.999141e-20 -4.931378e-20 -6.116158e-20 -5.699686e-20 -4.153076e-20 -4.228639e-20 -4.681600e-20 -4.306822e-20 -5.165690e-20 -4.910856e-20 -5.100833e-20 -5.304199e-20 -4.748708e-20 -6.141783e-20 -4.918882e-20 -5.411918e-20 -8.143345e-20 -1.044521e-19 -2.203218e-19 -4.792752e-19 -3.959102e-19 -4.876437e-19 2.874369e-13 -3.735115e-19
  TXDATA7-:BGA_TXDATA7-_Group  -5.439221e-20 -5.075735e-20 -5.532874e-20 -5.049429e-20 -4.947574e-20 -4.719535e-20 -4.398896e-20 -4.511532e-20 -5.090457e-20 -4.983617e-20 -6.467108e-20 -5.771321e-20 -4.316360e-20 -4.359656e-20 -5.140747e-20 -4.412654e-20 -5.436115e-20 -5.128406e-20 -5.739404e-20 -5.989160e-20 -5.987221e-20 -7.013576e-20 -6.118324e-20 -1.071999e-19 -1.662981e-19 -2.510743e-19 -5.529545e-19 -8.128548e-19 -4.637228e-19 -6.854875e-19 -3.735115e-19 3.002305e-13
 EndCapMat

 ResMat 32
  RXDATA0+:FCHIP_RXDATA0+_Group  3.775590e-02 4.698643e-05 4.698643e-05 4.698643e-05 4.698643e-05 4.698643e-05 4.698643e-05 4.698643e-05 4.698643e-05 4.698643e-05 4.698643e-05 4.698643e-05 4.698643e-05 4.698643e-05 4.698643e-05 4.698643e-05 4.698643e-05 4.698643e-05 4.698643e-05 4.698643e-05 4.698643e-05 4.698643e-05 4.698643e-05 4.698643e-05 4.698643e-05 4.698643e-05 4.698643e-05 4.698643e-05 4.698643e-05 4.698643e-05 4.698643e-05 4.698643e-05
  RXDATA0-:FCHIP_RXDATA0-_Group  4.698643e-05 4.006160e-02 4.698643e-05 4.698643e-05 4.698643e-05 4.698643e-05 4.698643e-05 4.698643e-05 4.698643e-05 4.698643e-05 4.698643e-05 4.698643e-05 4.698643e-05 4.698643e-05 4.698643e-05 4.698643e-05 4.698643e-05 4.698643e-05 4.698643e-05 4.698643e-05 4.698643e-05 4.698643e-05 4.698643e-05 4.698643e-05 4.698643e-05 4.698643e-05 4.698643e-05 4.698643e-05 4.698643e-05 4.698643e-05 4.698643e-05 4.698643e-05
  RXDATA1+:FCHIP_RXDATA1+_Group  4.698643e-05 4.698643e-05 4.224622e-02 4.698643e-05 4.698643e-05 4.698643e-05 4.698643e-05 4.698643e-05 4.698643e-05 4.698643e-05 4.698643e-05 4.698643e-05 4.698643e-05 4.698643e-05 4.698643e-05 4.698643e-05 4.698643e-05 4.698643e-05 4.698643e-05 4.698643e-05 4.698643e-05 4.698643e-05 4.698643e-05 4.698643e-05 4.698643e-05 4.698643e-05 4.698643e-05 4.698643e-05 4.698643e-05 4.698643e-05 4.698643e-05 4.698643e-05
  RXDATA1-:FCHIP_RXDATA1-_Group  4.698643e-05 4.698643e-05 4.698643e-05 4.027160e-02 4.698643e-05 4.698643e-05 4.698643e-05 4.698643e-05 4.698643e-05 4.698643e-05 4.698643e-05 4.698643e-05 4.698643e-05 4.698643e-05 4.698643e-05 4.698643e-05 4.698643e-05 4.698643e-05 4.698643e-05 4.698643e-05 4.698643e-05 4.698643e-05 4.698643e-05 4.698643e-05 4.698643e-05 4.698643e-05 4.698643e-05 4.698643e-05 4.698643e-05 4.698643e-05 4.698643e-05 4.698643e-05
  RXDATA2+:FCHIP_RXDATA2+_Group  4.698643e-05 4.698643e-05 4.698643e-05 4.698643e-05 3.595436e-02 4.698643e-05 4.698643e-05 4.698643e-05 4.698643e-05 4.698643e-05 4.698643e-05 4.698643e-05 4.698643e-05 4.698643e-05 4.698643e-05 4.698643e-05 4.698643e-05 4.698643e-05 4.698643e-05 4.698643e-05 4.698643e-05 4.698643e-05 4.698643e-05 4.698643e-05 4.698643e-05 4.698643e-05 4.698643e-05 4.698643e-05 4.698643e-05 4.698643e-05 4.698643e-05 4.698643e-05
  RXDATA2-:FCHIP_RXDATA2-_Group  4.698643e-05 4.698643e-05 4.698643e-05 4.698643e-05 4.698643e-05 3.667461e-02 4.698643e-05 4.698643e-05 4.698643e-05 4.698643e-05 4.698643e-05 4.698643e-05 4.698643e-05 4.698643e-05 4.698643e-05 4.698643e-05 4.698643e-05 4.698643e-05 4.698643e-05 4.698643e-05 4.698643e-05 4.698643e-05 4.698643e-05 4.698643e-05 4.698643e-05 4.698643e-05 4.698643e-05 4.698643e-05 4.698643e-05 4.698643e-05 4.698643e-05 4.698643e-05
  RXDATA3+:FCHIP_RXDATA3+_Group  4.698643e-05 4.698643e-05 4.698643e-05 4.698643e-05 4.698643e-05 4.698643e-05 3.280528e-02 4.698643e-05 4.698643e-05 4.698643e-05 4.698643e-05 4.698643e-05 4.698643e-05 4.698643e-05 4.698643e-05 4.698643e-05 4.698643e-05 4.698643e-05 4.698643e-05 4.698643e-05 4.698643e-05 4.698643e-05 4.698643e-05 4.698643e-05 4.698643e-05 4.698643e-05 4.698643e-05 4.698643e-05 4.698643e-05 4.698643e-05 4.698643e-05 4.698643e-05
  RXDATA3-:FCHIP_RXDATA3-_Group  4.698643e-05 4.698643e-05 4.698643e-05 4.698643e-05 4.698643e-05 4.698643e-05 4.698643e-05 3.331256e-02 4.698643e-05 4.698643e-05 4.698643e-05 4.698643e-05 4.698643e-05 4.698643e-05 4.698643e-05 4.698643e-05 4.698643e-05 4.698643e-05 4.698643e-05 4.698643e-05 4.698643e-05 4.698643e-05 4.698643e-05 4.698643e-05 4.698643e-05 4.698643e-05 4.698643e-05 4.698643e-05 4.698643e-05 4.698643e-05 4.698643e-05 4.698643e-05
  RXDATA4+:FCHIP_RXDATA4+_Group  4.698643e-05 4.698643e-05 4.698643e-05 4.698643e-05 4.698643e-05 4.698643e-05 4.698643e-05 4.698643e-05 4.038327e-02 4.698643e-05 4.698643e-05 4.698643e-05 4.698643e-05 4.698643e-05 4.698643e-05 4.698643e-05 4.698643e-05 4.698643e-05 4.698643e-05 4.698643e-05 4.698643e-05 4.698643e-05 4.698643e-05 4.698643e-05 4.698643e-05 4.698643e-05 4.698643e-05 4.698643e-05 4.698643e-05 4.698643e-05 4.698643e-05 4.698643e-05
  RXDATA4-:FCHIP_RXDATA4-_Group  4.698643e-05 4.698643e-05 4.698643e-05 4.698643e-05 4.698643e-05 4.698643e-05 4.698643e-05 4.698643e-05 4.698643e-05 3.983006e-02 4.698643e-05 4.698643e-05 4.698643e-05 4.698643e-05 4.698643e-05 4.698643e-05 4.698643e-05 4.698643e-05 4.698643e-05 4.698643e-05 4.698643e-05 4.698643e-05 4.698643e-05 4.698643e-05 4.698643e-05 4.698643e-05 4.698643e-05 4.698643e-05 4.698643e-05 4.698643e-05 4.698643e-05 4.698643e-05
  RXDATA5+:FCHIP_RXDATA5+_Group  4.698643e-05 4.698643e-05 4.698643e-05 4.698643e-05 4.698643e-05 4.698643e-05 4.698643e-05 4.698643e-05 4.698643e-05 4.698643e-05 5.102733e-02 4.698643e-05 4.698643e-05 4.698643e-05 4.698643e-05 4.698643e-05 4.698643e-05 4.698643e-05 4.698643e-05 4.698643e-05 4.698643e-05 4.698643e-05 4.698643e-05 4.698643e-05 4.698643e-05 4.698643e-05 4.698643e-05 4.698643e-05 4.698643e-05 4.698643e-05 4.698643e-05 4.698643e-05
  RXDATA5-:FCHIP_RXDATA5-_Group  4.698643e-05 4.698643e-05 4.698643e-05 4.698643e-05 4.698643e-05 4.698643e-05 4.698643e-05 4.698643e-05 4.698643e-05 4.698643e-05 4.698643e-05 5.070021e-02 4.698643e-05 4.698643e-05 4.698643e-05 4.698643e-05 4.698643e-05 4.698643e-05 4.698643e-05 4.698643e-05 4.698643e-05 4.698643e-05 4.698643e-05 4.698643e-05 4.698643e-05 4.698643e-05 4.698643e-05 4.698643e-05 4.698643e-05 4.698643e-05 4.698643e-05 4.698643e-05
  RXDATA6+:FCHIP_RXDATA6+_Group  4.698643e-05 4.698643e-05 4.698643e-05 4.698643e-05 4.698643e-05 4.698643e-05 4.698643e-05 4.698643e-05 4.698643e-05 4.698643e-05 4.698643e-05 4.698643e-05 3.006560e-02 4.698643e-05 4.698643e-05 4.698643e-05 4.698643e-05 4.698643e-05 4.698643e-05 4.698643e-05 4.698643e-05 4.698643e-05 4.698643e-05 4.698643e-05 4.698643e-05 4.698643e-05 4.698643e-05 4.698643e-05 4.698643e-05 4.698643e-05 4.698643e-05 4.698643e-05
  RXDATA6-:FCHIP_RXDATA6-_Group  4.698643e-05 4.698643e-05 4.698643e-05 4.698643e-05 4.698643e-05 4.698643e-05 4.698643e-05 4.698643e-05 4.698643e-05 4.698643e-05 4.698643e-05 4.698643e-05 4.698643e-05 3.108178e-02 4.698643e-05 4.698643e-05 4.698643e-05 4.698643e-05 4.698643e-05 4.698643e-05 4.698643e-05 4.698643e-05 4.698643e-05 4.698643e-05 4.698643e-05 4.698643e-05 4.698643e-05 4.698643e-05 4.698643e-05 4.698643e-05 4.698643e-05 4.698643e-05
  RXDATA7+:FCHIP_RXDATA7+_Group  4.698643e-05 4.698643e-05 4.698643e-05 4.698643e-05 4.698643e-05 4.698643e-05 4.698643e-05 4.698643e-05 4.698643e-05 4.698643e-05 4.698643e-05 4.698643e-05 4.698643e-05 4.698643e-05 3.570710e-02 4.698643e-05 4.698643e-05 4.698643e-05 4.698643e-05 4.698643e-05 4.698643e-05 4.698643e-05 4.698643e-05 4.698643e-05 4.698643e-05 4.698643e-05 4.698643e-05 4.698643e-05 4.698643e-05 4.698643e-05 4.698643e-05 4.698643e-05
  RXDATA7-:FCHIP_RXDATA7-_Group  4.698643e-05 4.698643e-05 4.698643e-05 4.698643e-05 4.698643e-05 4.698643e-05 4.698643e-05 4.698643e-05 4.698643e-05 4.698643e-05 4.698643e-05 4.698643e-05 4.698643e-05 4.698643e-05 4.698643e-05 3.322568e-02 4.698643e-05 4.698643e-05 4.698643e-05 4.698643e-05 4.698643e-05 4.698643e-05 4.698643e-05 4.698643e-05 4.698643e-05 4.698643e-05 4.698643e-05 4.698643e-05 4.698643e-05 4.698643e-05 4.698643e-05 4.698643e-05
  TXDATA0+:FCHIP_TXDATA0+_Group  4.698643e-05 4.698643e-05 4.698643e-05 4.698643e-05 4.698643e-05 4.698643e-05 4.698643e-05 4.698643e-05 4.698643e-05 4.698643e-05 4.698643e-05 4.698643e-05 4.698643e-05 4.698643e-05 4.698643e-05 4.698643e-05 3.751486e-02 4.698643e-05 4.698643e-05 4.698643e-05 4.698643e-05 4.698643e-05 4.698643e-05 4.698643e-05 4.698643e-05 4.698643e-05 4.698643e-05 4.698643e-05 4.698643e-05 4.698643e-05 4.698643e-05 4.698643e-05
  TXDATA0-:FCHIP_TXDATA0-_Group  4.698643e-05 4.698643e-05 4.698643e-05 4.698643e-05 4.698643e-05 4.698643e-05 4.698643e-05 4.698643e-05 4.698643e-05 4.698643e-05 4.698643e-05 4.698643e-05 4.698643e-05 4.698643e-05 4.698643e-05 4.698643e-05 4.698643e-05 3.977059e-02 4.698643e-05 4.698643e-05 4.698643e-05 4.698643e-05 4.698643e-05 4.698643e-05 4.698643e-05 4.698643e-05 4.698643e-05 4.698643e-05 4.698643e-05 4.698643e-05 4.698643e-05 4.698643e-05
  TXDATA1+:FCHIP_TXDATA1+_Group  4.698643e-05 4.698643e-05 4.698643e-05 4.698643e-05 4.698643e-05 4.698643e-05 4.698643e-05 4.698643e-05 4.698643e-05 4.698643e-05 4.698643e-05 4.698643e-05 4.698643e-05 4.698643e-05 4.698643e-05 4.698643e-05 4.698643e-05 4.698643e-05 4.071987e-02 4.698643e-05 4.698643e-05 4.698643e-05 4.698643e-05 4.698643e-05 4.698643e-05 4.698643e-05 4.698643e-05 4.698643e-05 4.698643e-05 4.698643e-05 4.698643e-05 4.698643e-05
  TXDATA1-:FCHIP_TXDATA1-_Group  4.698643e-05 4.698643e-05 4.698643e-05 4.698643e-05 4.698643e-05 4.698643e-05 4.698643e-05 4.698643e-05 4.698643e-05 4.698643e-05 4.698643e-05 4.698643e-05 4.698643e-05 4.698643e-05 4.698643e-05 4.698643e-05 4.698643e-05 4.698643e-05 4.698643e-05 4.208541e-02 4.698643e-05 4.698643e-05 4.698643e-05 4.698643e-05 4.698643e-05 4.698643e-05 4.698643e-05 4.698643e-05 4.698643e-05 4.698643e-05 4.698643e-05 4.698643e-05
  TXDATA2+:FCHIP_TXDATA2+_Group  4.698643e-05 4.698643e-05 4.698643e-05 4.698643e-05 4.698643e-05 4.698643e-05 4.698643e-05 4.698643e-05 4.698643e-05 4.698643e-05 4.698643e-05 4.698643e-05 4.698643e-05 4.698643e-05 4.698643e-05 4.698643e-05 4.698643e-05 4.698643e-05 4.698643e-05 4.698643e-05 3.969974e-02 4.698643e-05 4.698643e-05 4.698643e-05 4.698643e-05 4.698643e-05 4.698643e-05 4.698643e-05 4.698643e-05 4.698643e-05 4.698643e-05 4.698643e-05
  TXDATA2-:FCHIP_TXDATA2-_Group  4.698643e-05 4.698643e-05 4.698643e-05 4.698643e-05 4.698643e-05 4.698643e-05 4.698643e-05 4.698643e-05 4.698643e-05 4.698643e-05 4.698643e-05 4.698643e-05 4.698643e-05 4.698643e-05 4.698643e-05 4.698643e-05 4.698643e-05 4.698643e-05 4.698643e-05 4.698643e-05 4.698643e-05 3.932363e-02 4.698643e-05 4.698643e-05 4.698643e-05 4.698643e-05 4.698643e-05 4.698643e-05 4.698643e-05 4.698643e-05 4.698643e-05 4.698643e-05
  TXDATA3+:FCHIP_TXDATA3+_Group  4.698643e-05 4.698643e-05 4.698643e-05 4.698643e-05 4.698643e-05 4.698643e-05 4.698643e-05 4.698643e-05 4.698643e-05 4.698643e-05 4.698643e-05 4.698643e-05 4.698643e-05 4.698643e-05 4.698643e-05 4.698643e-05 4.698643e-05 4.698643e-05 4.698643e-05 4.698643e-05 4.698643e-05 4.698643e-05 3.330523e-02 4.698643e-05 4.698643e-05 4.698643e-05 4.698643e-05 4.698643e-05 4.698643e-05 4.698643e-05 4.698643e-05 4.698643e-05
  TXDATA3-:FCHIP_TXDATA3-_Group  4.698643e-05 4.698643e-05 4.698643e-05 4.698643e-05 4.698643e-05 4.698643e-05 4.698643e-05 4.698643e-05 4.698643e-05 4.698643e-05 4.698643e-05 4.698643e-05 4.698643e-05 4.698643e-05 4.698643e-05 4.698643e-05 4.698643e-05 4.698643e-05 4.698643e-05 4.698643e-05 4.698643e-05 4.698643e-05 4.698643e-05 3.304869e-02 4.698643e-05 4.698643e-05 4.698643e-05 4.698643e-05 4.698643e-05 4.698643e-05 4.698643e-05 4.698643e-05
  TXDATA4+:FCHIP_TXDATA4+_Group  4.698643e-05 4.698643e-05 4.698643e-05 4.698643e-05 4.698643e-05 4.698643e-05 4.698643e-05 4.698643e-05 4.698643e-05 4.698643e-05 4.698643e-05 4.698643e-05 4.698643e-05 4.698643e-05 4.698643e-05 4.698643e-05 4.698643e-05 4.698643e-05 4.698643e-05 4.698643e-05 4.698643e-05 4.698643e-05 4.698643e-05 4.698643e-05 3.872644e-02 4.698643e-05 4.698643e-05 4.698643e-05 4.698643e-05 4.698643e-05 4.698643e-05 4.698643e-05
  TXDATA4-:FCHIP_TXDATA4-_Group  4.698643e-05 4.698643e-05 4.698643e-05 4.698643e-05 4.698643e-05 4.698643e-05 4.698643e-05 4.698643e-05 4.698643e-05 4.698643e-05 4.698643e-05 4.698643e-05 4.698643e-05 4.698643e-05 4.698643e-05 4.698643e-05 4.698643e-05 4.698643e-05 4.698643e-05 4.698643e-05 4.698643e-05 4.698643e-05 4.698643e-05 4.698643e-05 4.698643e-05 3.896727e-02 4.698643e-05 4.698643e-05 4.698643e-05 4.698643e-05 4.698643e-05 4.698643e-05
  TXDATA5+:FCHIP_TXDATA5+_Group  4.698643e-05 4.698643e-05 4.698643e-05 4.698643e-05 4.698643e-05 4.698643e-05 4.698643e-05 4.698643e-05 4.698643e-05 4.698643e-05 4.698643e-05 4.698643e-05 4.698643e-05 4.698643e-05 4.698643e-05 4.698643e-05 4.698643e-05 4.698643e-05 4.698643e-05 4.698643e-05 4.698643e-05 4.698643e-05 4.698643e-05 4.698643e-05 4.698643e-05 4.698643e-05 5.118707e-02 4.698643e-05 4.698643e-05 4.698643e-05 4.698643e-05 4.698643e-05
  TXDATA5-:FCHIP_TXDATA5-_Group  4.698643e-05 4.698643e-05 4.698643e-05 4.698643e-05 4.698643e-05 4.698643e-05 4.698643e-05 4.698643e-05 4.698643e-05 4.698643e-05 4.698643e-05 4.698643e-05 4.698643e-05 4.698643e-05 4.698643e-05 4.698643e-05 4.698643e-05 4.698643e-05 4.698643e-05 4.698643e-05 4.698643e-05 4.698643e-05 4.698643e-05 4.698643e-05 4.698643e-05 4.698643e-05 4.698643e-05 5.096867e-02 4.698643e-05 4.698643e-05 4.698643e-05 4.698643e-05
  TXDATA6+:FCHIP_TXDATA6+_Group  4.698643e-05 4.698643e-05 4.698643e-05 4.698643e-05 4.698643e-05 4.698643e-05 4.698643e-05 4.698643e-05 4.698643e-05 4.698643e-05 4.698643e-05 4.698643e-05 4.698643e-05 4.698643e-05 4.698643e-05 4.698643e-05 4.698643e-05 4.698643e-05 4.698643e-05 4.698643e-05 4.698643e-05 4.698643e-05 4.698643e-05 4.698643e-05 4.698643e-05 4.698643e-05 4.698643e-05 4.698643e-05 3.109162e-02 4.698643e-05 4.698643e-05 4.698643e-05
  TXDATA6-:FCHIP_TXDATA6-_Group  4.698643e-05 4.698643e-05 4.698643e-05 4.698643e-05 4.698643e-05 4.698643e-05 4.698643e-05 4.698643e-05 4.698643e-05 4.698643e-05 4.698643e-05 4.698643e-05 4.698643e-05 4.698643e-05 4.698643e-05 4.698643e-05 4.698643e-05 4.698643e-05 4.698643e-05 4.698643e-05 4.698643e-05 4.698643e-05 4.698643e-05 4.698643e-05 4.698643e-05 4.698643e-05 4.698643e-05 4.698643e-05 4.698643e-05 3.059098e-02 4.698643e-05 4.698643e-05
  TXDATA7+:FCHIP_TXDATA7+_Group  4.698643e-05 4.698643e-05 4.698643e-05 4.698643e-05 4.698643e-05 4.698643e-05 4.698643e-05 4.698643e-05 4.698643e-05 4.698643e-05 4.698643e-05 4.698643e-05 4.698643e-05 4.698643e-05 4.698643e-05 4.698643e-05 4.698643e-05 4.698643e-05 4.698643e-05 4.698643e-05 4.698643e-05 4.698643e-05 4.698643e-05 4.698643e-05 4.698643e-05 4.698643e-05 4.698643e-05 4.698643e-05 4.698643e-05 4.698643e-05 3.228022e-02 4.698643e-05
  TXDATA7-:FCHIP_TXDATA7-_Group  4.698643e-05 4.698643e-05 4.698643e-05 4.698643e-05 4.698643e-05 4.698643e-05 4.698643e-05 4.698643e-05 4.698643e-05 4.698643e-05 4.698643e-05 4.698643e-05 4.698643e-05 4.698643e-05 4.698643e-05 4.698643e-05 4.698643e-05 4.698643e-05 4.698643e-05 4.698643e-05 4.698643e-05 4.698643e-05 4.698643e-05 4.698643e-05 4.698643e-05 4.698643e-05 4.698643e-05 4.698643e-05 4.698643e-05 4.698643e-05 4.698643e-05 3.548917e-02
 EndResMat

 ResMatAC 32
  RXDATA0+:FCHIP_RXDATA0+_Group  1.286736e-01 3.112589e-02 1.264719e-03 1.652723e-03 2.406843e-04 2.917191e-04 1.526892e-04 1.614424e-04 1.481795e-04 1.605643e-04 1.554050e-04 1.386766e-04 1.345486e-04 1.299624e-04 1.231343e-04 1.265543e-04 5.488896e-05 1.400178e-04 1.533780e-04 1.528628e-04 1.651647e-04 1.531826e-04 1.599348e-04 1.674343e-04 1.514545e-04 1.490701e-04 1.492355e-04 1.414365e-04 1.489496e-04 1.394314e-04 1.299200e-04 1.466875e-04
  RXDATA0-:FCHIP_RXDATA0-_Group  3.112589e-02 1.356581e-01 2.520334e-03 2.059931e-03 3.035361e-04 4.202271e-04 1.707243e-04 1.840423e-04 1.544949e-04 2.035114e-04 8.714025e-05 1.034079e-04 1.092424e-04 8.779906e-05 8.826931e-05 9.806233e-05 1.482514e-04 1.251047e-04 1.509623e-04 1.417639e-04 1.403931e-04 1.502236e-04 1.477231e-04 1.445997e-04 1.403132e-04 1.428831e-04 1.319581e-04 1.126102e-04 1.336174e-04 1.183905e-04 1.058176e-04 1.043902e-04
  RXDATA1+:FCHIP_RXDATA1+_Group  1.264719e-03 2.520334e-03 1.412872e-01 3.259149e-02 2.394222e-03 3.552283e-03 3.413852e-05 1.399022e-04 1.666020e-04 2.012349e-04 1.191082e-04 1.343143e-04 1.204515e-04 1.112400e-04 1.043155e-04 1.119019e-04 1.490630e-04 1.551088e-04 1.818929e-04 1.704047e-04 1.752476e-04 1.822261e-04 1.835074e-04 1.826358e-04 1.778086e-04 1.764779e-04 1.586152e-04 1.363378e-04 1.567049e-04 1.406160e-04 1.227633e-04 1.189254e-04
  RXDATA1-:FCHIP_RXDATA1-_Group  1.652723e-03 2.059931e-03 3.259149e-02 1.311281e-01 1.195923e-03 2.344959e-03 7.916650e-06 5.707408e-05 1.481466e-04 1.580233e-04 1.242926e-04 1.239215e-04 1.281183e-04 1.208241e-04 1.136894e-04 1.149422e-04 1.426630e-04 1.477347e-04 1.815163e-04 1.838320e-04 1.904788e-04 1.860826e-04 1.865688e-04 1.864143e-04 1.795454e-04 1.769680e-04 1.571289e-04 1.397388e-04 1.566670e-04 1.403241e-04 1.264346e-04 1.203439e-04
  RXDATA2+:FCHIP_RXDATA2+_Group  2.406843e-04 3.035361e-04 2.394222e-03 1.195923e-03 1.147357e-01 2.361637e-02 9.018381e-04 1.458008e-03 5.324264e-04 9.004613e-04 4.528487e-04 4.090003e-04 1.351623e-04 1.274705e-04 1.321849e-04 1.220862e-04 1.241160e-04 1.475106e-04 1.788650e-04 1.802984e-04 1.893776e-04 1.986947e-04 1.918604e-04 1.890456e-04 1.846996e-04 1.784215e-04 1.594744e-04 1.393031e-04 1.593538e-04 1.432964e-04 1.276272e-04 1.304520e-04
  RXDATA2-:FCHIP_RXDATA2-_Group  2.917191e-04 4.202271e-04 3.552283e-03 2.344959e-03 2.361637e-02 1.139162e-01 1.606065e-04 6.431756e-04 3.239885e-04 5.788153e-04 3.436710e-04 3.448516e-04 1.235162e-04 1.203924e-04 1.208182e-04 1.154900e-04 1.503114e-04 1.525099e-04 1.821572e-04 1.766689e-04 1.821196e-04 1.844296e-04 1.865498e-04 1.871600e-04 1.834319e-04 1.791985e-04 1.598294e-04 1.391537e-04 1.576832e-04 1.421707e-04 1.289517e-04 1.234377e-04
  RXDATA3+:FCHIP_RXDATA3+_Group  1.526892e-04 1.707243e-04 3.413852e-05 7.916650e-06 9.018381e-04 1.606065e-04 1.023879e-01 1.964377e-02 2.669013e-03 5.335003e-03 1.399194e-03 1.219263e-03 1.251967e-04 1.171699e-04 1.334809e-04 1.284157e-04 1.301663e-04 1.478289e-04 1.768188e-04 1.786273e-04 1.848778e-04 1.854458e-04 1.843822e-04 1.839449e-04 1.784070e-04 1.758700e-04 1.591285e-04 1.389704e-04 1.571648e-04 1.409738e-04 1.322664e-04 1.216167e-04
  RXDATA3-:FCHIP_RXDATA3-_Group  1.614424e-04 1.840423e-04 1.399022e-04 5.707408e-05 1.458008e-03 6.431756e-04 1.964377e-02 1.026889e-01 1.379000e-03 2.860830e-03 9.602726e-04 8.373577e-04 8.518848e-05 9.474597e-05 1.199978e-04 1.164656e-04 1.265917e-04 1.455753e-04 1.782473e-04 1.784536e-04 1.851451e-04 1.902971e-04 1.856364e-04 1.843009e-04 1.788402e-04 1.764370e-04 1.567087e-04 1.363690e-04 1.574088e-04 1.409596e-04 1.280201e-04 1.277937e-04
  RXDATA4+:FCHIP_RXDATA4+_Group  1.481795e-04 1.544949e-04 1.666020e-04 1.481466e-04 5.324264e-04 3.239885e-04 2.669013e-03 1.379000e-03 1.257967e-01 2.563453e-02 4.838951e-03 5.191684e-03 1.868160e-04 1.678764e-04 2.559287e-04 2.644305e-04 1.292700e-04 1.419887e-04 1.675482e-04 1.735891e-04 1.796790e-04 1.779091e-04 1.782140e-04 1.793277e-04 1.756266e-04 1.696175e-04 1.567770e-04 1.359485e-04 1.527018e-04 1.377097e-04 1.300818e-04 1.183659e-04
  RXDATA4-:FCHIP_RXDATA4-_Group  1.605643e-04 2.035114e-04 2.012349e-04 1.580233e-04 9.004613e-04 5.788153e-04 5.335003e-03 2.860830e-03 2.563453e-02 1.248905e-01 4.414842e-03 3.437433e-03 5.284012e-06 3.763200e-05 1.490507e-04 1.821576e-04 1.270727e-04 1.458391e-04 1.693917e-04 1.718714e-04 1.765107e-04 1.762205e-04 1.805578e-04 1.822138e-04 1.817607e-04 1.729389e-04 1.578209e-04 1.312487e-04 1.550259e-04 1.352670e-04 1.402065e-04 1.166683e-04
  RXDATA5+:FCHIP_RXDATA5+_Group  1.554050e-04 8.714025e-05 1.191082e-04 1.242926e-04 4.528487e-04 3.436710e-04 1.399194e-03 9.602726e-04 4.838951e-03 4.414842e-03 1.724881e-01 4.649097e-02 4.524794e-04 6.530082e-04 6.123888e-04 5.452107e-04 1.069230e-04 1.236545e-04 1.475222e-04 1.444741e-04 1.475342e-04 1.541483e-04 1.518242e-04 1.548262e-04 1.539316e-04 1.496402e-04 1.377292e-04 1.222412e-04 1.390086e-04 1.295446e-04 1.222508e-04 1.283687e-04
  RXDATA5-:FCHIP_RXDATA5-_Group  1.386766e-04 1.034079e-04 1.343143e-04 1.239215e-04 4.090003e-04 3.448516e-04 1.219263e-03 8.373577e-04 5.191684e-03 3.437433e-03 4.649097e-02 1.739301e-01 2.344937e-05 3.890695e-04 5.816779e-04 5.563085e-04 1.024300e-04 1.094094e-04 1.300797e-04 1.364095e-04 1.369667e-04 1.456286e-04 1.394358e-04 1.390235e-04 1.369746e-04 1.329149e-04 1.243097e-04 1.184962e-04 1.257116e-04 1.233386e-04 1.233574e-04 1.156566e-04
  RXDATA6+:FCHIP_RXDATA6+_Group  1.345486e-04 1.092424e-04 1.204515e-04 1.281183e-04 1.351623e-04 1.235162e-04 1.251967e-04 8.518848e-05 1.868160e-04 5.284012e-06 4.524794e-04 2.344937e-05 7.868252e-02 2.748374e-03 1.121375e-03 1.252840e-03 1.104151e-04 1.156282e-04 1.274491e-04 1.308328e-04 1.346127e-04 1.346710e-04 1.325785e-04 1.328419e-04 1.310724e-04 1.307991e-04 1.304191e-04 1.194184e-04 1.306739e-04 1.265615e-04 1.225938e-04 1.232672e-04
  RXDATA6-:FCHIP_RXDATA6-_Group  1.299624e-04 8.779906e-05 1.112400e-04 1.208241e-04 1.274705e-04 1.203924e-04 1.171699e-04 9.474597e-05 1.678764e-04 3.763200e-05 6.530082e-04 3.890695e-04 2.748374e-03 8.030660e-02 1.688826e-03 1.688837e-03 1.058515e-04 1.107910e-04 1.197024e-04 1.247258e-04 1.284448e-04 1.291969e-04 1.282715e-04 1.280550e-04 1.254224e-04 1.241202e-04 1.254588e-04 1.218350e-04 1.257028e-04 1.281994e-04 1.270987e-04 1.188300e-04
  RXDATA7+:FCHIP_RXDATA7+_Group  1.231343e-04 8.826931e-05 1.043155e-04 1.136894e-04 1.321849e-04 1.208182e-04 1.334809e-04 1.199978e-04 2.559287e-04 1.490507e-04 6.123888e-04 5.816779e-04 1.121375e-03 1.688826e-03 9.041389e-02 1.338046e-03 1.154019e-04 1.076242e-04 1.132561e-04 1.155413e-04 1.201776e-04 1.274748e-04 1.191616e-04 1.138385e-04 1.101093e-04 1.112774e-04 1.184604e-04 1.056940e-04 1.245517e-04 1.176621e-04 1.431747e-04 1.705773e-04
  RXDATA7-:FCHIP_RXDATA7-_Group  1.265543e-04 9.806233e-05 1.119019e-04 1.149422e-04 1.220862e-04 1.154900e-04 1.284157e-04 1.164656e-04 2.644305e-04 1.821576e-04 5.452107e-04 5.563085e-04 1.252840e-03 1.688837e-03 1.338046e-03 8.571764e-02 9.442798e-05 1.036350e-04 1.055693e-04 1.143969e-04 1.178432e-04 1.166067e-04 1.145404e-04 1.172115e-04 1.195878e-04 1.239013e-04 1.182409e-04 1.260568e-04 1.191386e-04 1.338533e-04 1.027474e-04 1.012971e-04
  TXDATA0+:FCHIP_TXDATA0+_Group  5.488896e-05 1.482514e-04 1.490630e-04 1.426630e-04 1.241160e-04 1.503114e-04 1.301663e-04 1.265917e-04 1.292700e-04 1.270727e-04 1.069230e-04 1.024300e-04 1.104151e-04 1.058515e-04 1.154019e-04 9.442798e-05 1.226777e-01 2.952375e-02 1.438807e-03 1.213237e-03 1.537140e-04 1.223791e-04 1.139996e-04 1.160889e-04 1.257044e-04 1.203366e-04 1.202402e-04 1.029732e-04 1.285599e-04 1.195818e-04 1.180852e-04 1.086718e-04
  TXDATA0-:FCHIP_TXDATA0-_Group  1.400178e-04 1.251047e-04 1.551088e-04 1.477347e-04 1.475106e-04 1.525099e-04 1.478289e-04 1.455753e-04 1.419887e-04 1.458391e-04 1.236545e-04 1.094094e-04 1.156282e-04 1.107910e-04 1.076242e-04 1.036350e-04 2.952375e-02 1.312116e-01 2.479660e-03 2.298342e-03 1.909854e-04 1.147865e-04 1.137104e-04 1.053266e-04 1.443840e-04 1.427543e-04 1.366140e-04 1.242682e-04 1.317211e-04 1.196506e-04 1.093602e-04 1.145894e-04
  TXDATA1+:FCHIP_TXDATA1+_Group  1.533780e-04 1.509623e-04 1.818929e-04 1.815163e-04 1.788650e-04 1.821572e-04 1.768188e-04 1.782473e-04 1.675482e-04 1.693917e-04 1.475222e-04 1.300797e-04 1.274491e-04 1.197024e-04 1.132561e-04 1.055693e-04 1.438807e-03 2.479660e-03 1.337952e-01 3.259245e-02 1.268705e-03 5.344329e-04 1.305235e-04 1.020240e-05 1.467304e-04 9.559459e-05 1.170943e-04 4.679455e-05 1.629128e-04 1.448119e-04 1.223808e-04 1.262306e-04
  TXDATA1-:FCHIP_TXDATA1-_Group  1.528628e-04 1.417639e-04 1.704047e-04 1.838320e-04 1.802984e-04 1.766689e-04 1.786273e-04 1.784536e-04 1.735891e-04 1.718714e-04 1.444741e-04 1.364095e-04 1.308328e-04 1.247258e-04 1.155413e-04 1.143969e-04 1.213237e-03 2.298342e-03 3.259245e-02 1.404164e-01 1.723485e-03 8.942383e-04 8.817583e-05 3.567817e-05 1.844481e-04 1.760720e-04 1.855942e-04 1.512904e-04 1.416095e-04 1.386942e-04 1.324499e-04 1.310534e-04
  TXDATA2+:FCHIP_TXDATA2+_Group  1.651647e-04 1.403931e-04 1.752476e-04 1.904788e-04 1.893776e-04 1.821196e-04 1.848778e-04 1.851451e-04 1.796790e-04 1.765107e-04 1.475342e-04 1.369667e-04 1.346127e-04 1.284448e-04 1.201776e-04 1.178432e-04 1.537140e-04 1.909854e-04 1.268705e-03 1.723485e-03 1.276583e-01 2.781706e-02 1.509037e-03 7.370580e-04 2.790298e-04 2.063657e-04 2.060083e-04 1.502631e-04 1.549106e-04 1.533921e-04 1.415877e-04 1.318379e-04
  TXDATA2-:FCHIP_TXDATA2-_Group  1.531826e-04 1.502236e-04 1.822261e-04 1.860826e-04 1.986947e-04 1.844296e-04 1.854458e-04 1.902971e-04 1.779091e-04 1.762205e-04 1.541483e-04 1.456286e-04 1.346710e-04 1.291969e-04 1.274748e-04 1.166067e-04 1.223791e-04 1.147865e-04 5.344329e-04 8.942383e-04 2.781706e-02 1.262706e-01 2.089703e-03 1.467383e-03 4.030848e-04 2.752099e-04 2.292621e-04 1.263248e-04 1.590129e-04 1.631752e-04 1.472620e-04 1.427763e-04
  TXDATA3+:FCHIP_TXDATA3+_Group  1.599348e-04 1.477231e-04 1.835074e-04 1.865688e-04 1.918604e-04 1.865498e-04 1.843822e-04 1.856364e-04 1.782140e-04 1.805578e-04 1.518242e-04 1.394358e-04 1.325785e-04 1.282715e-04 1.191616e-04 1.145404e-04 1.139996e-04 1.137104e-04 1.305235e-04 8.817583e-05 1.509037e-03 2.089703e-03 1.090041e-01 2.261577e-02 1.985624e-03 1.003639e-03 3.624283e-04 2.877739e-04 1.127118e-04 1.142450e-04 1.250610e-04 1.072936e-04
  TXDATA3-:FCHIP_TXDATA3-_Group  1.674343e-04 1.445997e-04 1.826358e-04 1.864143e-04 1.890456e-04 1.871600e-04 1.839449e-04 1.843009e-04 1.793277e-04 1.822138e-04 1.548262e-04 1.390235e-04 1.328419e-04 1.280550e-04 1.138385e-04 1.172115e-04 1.160889e-04 1.053266e-04 1.020240e-05 3.567817e-05 7.370580e-04 1.467383e-03 2.261577e-02 1.046767e-01 3.170088e-03 1.551707e-03 4.694517e-04 3.610630e-04 7.825045e-05 1.180798e-04 1.304156e-04 1.322919e-04
  TXDATA4+:FCHIP_TXDATA4+_Group  1.514545e-04 1.403132e-04 1.778086e-04 1.795454e-04 1.846996e-04 1.834319e-04 1.784070e-04 1.788402e-04 1.756266e-04 1.817607e-04 1.539316e-04 1.369746e-04 1.310724e-04 1.254224e-04 1.101093e-04 1.195878e-04 1.257044e-04 1.443840e-04 1.467304e-04 1.844481e-04 2.790298e-04 4.030848e-04 1.985624e-03 3.170088e-03 1.221128e-01 2.573454e-02 5.949240e-03 4.377356e-03 9.001803e-05 8.840716e-05 1.580583e-04 8.101761e-05
  TXDATA4-:FCHIP_TXDATA4-_Group  1.490701e-04 1.428831e-04 1.764779e-04 1.769680e-04 1.784215e-04 1.791985e-04 1.758700e-04 1.764370e-04 1.696175e-04 1.729389e-04 1.496402e-04 1.329149e-04 1.307991e-04 1.241202e-04 1.112774e-04 1.239013e-04 1.203366e-04 1.427543e-04 9.559459e-05 1.760720e-04 2.063657e-04 2.752099e-04 1.003639e-03 1.551707e-03 2.573454e-02 1.251160e-01 7.812414e-03 7.024771e-03 5.432594e-04 2.574640e-04 2.916301e-04 2.393952e-04
  TXDATA5+:FCHIP_TXDATA5+_Group  1.492355e-04 1.319581e-04 1.586152e-04 1.571289e-04 1.594744e-04 1.598294e-04 1.591285e-04 1.567087e-04 1.567770e-04 1.578209e-04 1.377292e-04 1.243097e-04 1.304191e-04 1.254588e-04 1.184604e-04 1.182409e-04 1.202402e-04 1.366140e-04 1.170943e-04 1.855942e-04 2.060083e-04 2.292621e-04 3.624283e-04 4.694517e-04 5.949240e-03 7.812414e-03 1.719992e-01 4.652609e-02 4.104570e-04 5.029731e-04 5.178737e-04 5.135899e-04
  TXDATA5-:FCHIP_TXDATA5-_Group  1.414365e-04 1.126102e-04 1.363378e-04 1.397388e-04 1.393031e-04 1.391537e-04 1.389704e-04 1.363690e-04 1.359485e-04 1.312487e-04 1.222412e-04 1.184962e-04 1.194184e-04 1.218350e-04 1.056940e-04 1.260568e-04 1.029732e-04 1.242682e-04 4.679455e-05 1.512904e-04 1.502631e-04 1.263248e-04 2.877739e-04 3.610630e-04 4.377356e-03 7.024771e-03 4.652609e-02 1.743887e-01 7.713316e-05 1.946021e-04 5.535460e-04 4.952386e-04
  TXDATA6+:FCHIP_TXDATA6+_Group  1.489496e-04 1.336174e-04 1.567049e-04 1.566670e-04 1.593538e-04 1.576832e-04 1.571648e-04 1.574088e-04 1.527018e-04 1.550259e-04 1.390086e-04 1.257116e-04 1.306739e-04 1.257028e-04 1.245517e-04 1.191386e-04 1.285599e-04 1.317211e-04 1.629128e-04 1.416095e-04 1.549106e-04 1.590129e-04 1.127118e-04 7.825045e-05 9.001803e-05 5.432594e-04 4.104570e-04 7.713316e-05 8.174801e-02 2.917709e-03 1.409361e-03 1.236011e-03
  TXDATA6-:FCHIP_TXDATA6-_Group  1.394314e-04 1.183905e-04 1.406160e-04 1.403241e-04 1.432964e-04 1.421707e-04 1.409738e-04 1.409596e-04 1.377097e-04 1.352670e-04 1.295446e-04 1.233386e-04 1.265615e-04 1.281994e-04 1.176621e-04 1.338533e-04 1.195818e-04 1.196506e-04 1.448119e-04 1.386942e-04 1.533921e-04 1.631752e-04 1.142450e-04 1.180798e-04 8.840716e-05 2.574640e-04 5.029731e-04 1.946021e-04 2.917709e-03 7.940572e-02 1.693591e-03 1.754083e-03
  TXDATA7+:FCHIP_TXDATA7+_Group  1.299200e-04 1.058176e-04 1.227633e-04 1.264346e-04 1.276272e-04 1.289517e-04 1.322664e-04 1.280201e-04 1.300818e-04 1.402065e-04 1.222508e-04 1.233574e-04 1.225938e-04 1.270987e-04 1.431747e-04 1.027474e-04 1.180852e-04 1.093602e-04 1.223808e-04 1.324499e-04 1.415877e-04 1.472620e-04 1.250610e-04 1.304156e-04 1.580583e-04 2.916301e-04 5.178737e-04 5.535460e-04 1.409361e-03 1.693591e-03 8.290714e-02 1.276194e-03
  TXDATA7-:FCHIP_TXDATA7-_Group  1.466875e-04 1.043902e-04 1.189254e-04 1.203439e-04 1.304520e-04 1.234377e-04 1.216167e-04 1.277937e-04 1.183659e-04 1.166683e-04 1.283687e-04 1.156566e-04 1.232672e-04 1.188300e-04 1.705773e-04 1.012971e-04 1.086718e-04 1.145894e-04 1.262306e-04 1.310534e-04 1.318379e-04 1.427763e-04 1.072936e-04 1.322919e-04 8.101761e-05 2.393952e-04 5.135899e-04 4.952386e-04 1.236011e-03 1.754083e-03 1.276194e-03 8.976554e-02
 EndResMatAC

 IndMat 32
  RXDATA0+:FCHIP_RXDATA0+_Group  1.981022e-09 7.676217e-10 5.293795e-11 5.996698e-11 1.106850e-11 1.461815e-11 2.163230e-12 1.924925e-12 1.665318e-12 1.735106e-12 1.135079e-12 1.103225e-12 1.295850e-12 1.288122e-12 1.288312e-12 1.311040e-12 9.018605e-13 1.230359e-12 1.283245e-12 1.290798e-12 1.333871e-12 1.312381e-12 1.343746e-12 1.349320e-12 1.322546e-12 1.331794e-12 1.301324e-12 1.222726e-12 1.321166e-12 1.313746e-12 1.302480e-12 1.321858e-12
  RXDATA0-:FCHIP_RXDATA0-_Group  7.676217e-10 2.324037e-09 1.194047e-10 8.721811e-11 2.000020e-11 2.442867e-11 3.514855e-12 3.464544e-12 2.252698e-12 2.474829e-12 1.494372e-12 1.460308e-12 1.265804e-12 1.234566e-12 1.184861e-12 1.259088e-12 1.343145e-12 1.178727e-12 1.300456e-12 1.284927e-12 1.305895e-12 1.305246e-12 1.312553e-12 1.299538e-12 1.288322e-12 1.307015e-12 1.301516e-12 1.246551e-12 1.284831e-12 1.270807e-12 1.253162e-12 1.227925e-12
  RXDATA1+:FCHIP_RXDATA1+_Group  5.293795e-11 1.194047e-10 2.669262e-09 1.150344e-09 2.075663e-10 2.961856e-10 2.500442e-11 2.800944e-11 8.731310e-12 1.165927e-11 4.144079e-12 3.083158e-12 1.564400e-12 1.445599e-12 1.299630e-12 1.365141e-12 1.305579e-12 1.256897e-12 1.388910e-12 1.365450e-12 1.399645e-12 1.419703e-12 1.428262e-12 1.417318e-12 1.407821e-12 1.404937e-12 1.386869e-12 1.318369e-12 1.373044e-12 1.356281e-12 1.324562e-12 1.295899e-12
  RXDATA1-:FCHIP_RXDATA1-_Group  5.996698e-11 8.721811e-11 1.150344e-09 2.599781e-09 1.482317e-10 2.087091e-10 1.738250e-11 1.990259e-11 6.113425e-12 7.784319e-12 3.079785e-12 2.406833e-12 1.465441e-12 1.392324e-12 1.329047e-12 1.324837e-12 1.316153e-12 1.237946e-12 1.381361e-12 1.342167e-12 1.378748e-12 1.396653e-12 1.413890e-12 1.411284e-12 1.400657e-12 1.402286e-12 1.366399e-12 1.289821e-12 1.365604e-12 1.343055e-12 1.323583e-12 1.307250e-12
  RXDATA2+:FCHIP_RXDATA2+_Group  1.106850e-11 2.000020e-11 2.075663e-10 1.482317e-10 2.395771e-09 1.134059e-09 1.918281e-10 2.522047e-10 4.037473e-11 5.735041e-11 1.988938e-11 1.176220e-11 3.166072e-12 2.761940e-12 1.935573e-12 1.656837e-12 1.332996e-12 1.246986e-12 1.375438e-12 1.362460e-12 1.388730e-12 1.397026e-12 1.415935e-12 1.414592e-12 1.406316e-12 1.411538e-12 1.370706e-12 1.301923e-12 1.365203e-12 1.346752e-12 1.329623e-12 1.289874e-12
  RXDATA2-:FCHIP_RXDATA2-_Group  1.461815e-11 2.442867e-11 2.961856e-10 2.087091e-10 1.134059e-09 2.528980e-09 1.485139e-10 1.857034e-10 3.530171e-11 4.927638e-11 1.636457e-11 1.012788e-11 2.798973e-12 2.364887e-12 1.730839e-12 1.571387e-12 1.310812e-12 1.245206e-12 1.387226e-12 1.357152e-12 1.391538e-12 1.416572e-12 1.431410e-12 1.428813e-12 1.423987e-12 1.410890e-12 1.385359e-12 1.314640e-12 1.374187e-12 1.357666e-12 1.333218e-12 1.310008e-12
  RXDATA3+:FCHIP_RXDATA3+_Group  2.163230e-12 3.514855e-12 2.500442e-11 1.738250e-11 1.918281e-10 1.485139e-10 2.178384e-09 9.384717e-10 2.234171e-10 3.289782e-10 6.348643e-11 3.921113e-11 7.512473e-12 5.295834e-12 2.794963e-12 2.284376e-12 1.330960e-12 1.241838e-12 1.379556e-12 1.354829e-12 1.391310e-12 1.414854e-12 1.421537e-12 1.412881e-12 1.405818e-12 1.404421e-12 1.375426e-12 1.293409e-12 1.371141e-12 1.347617e-12 1.329532e-12 1.310540e-12
  RXDATA3-:FCHIP_RXDATA3-_Group  1.924925e-12 3.464544e-12 2.800944e-11 1.990259e-11 2.522047e-10 1.857034e-10 9.384717e-10 2.164896e-09 1.773451e-10 2.299592e-10 4.674533e-11 3.051631e-11 5.701259e-12 3.863181e-12 2.136083e-12 1.969145e-12 1.333943e-12 1.242276e-12 1.379170e-12 1.359291e-12 1.390577e-12 1.404794e-12 1.416536e-12 1.410304e-12 1.401191e-12 1.405399e-12 1.369064e-12 1.292862e-12 1.367117e-12 1.345620e-12 1.326525e-12 1.302538e-12
  RXDATA4+:FCHIP_RXDATA4+_Group  1.665318e-12 2.252698e-12 8.731310e-12 6.113425e-12 4.037473e-11 3.530171e-11 2.234171e-10 1.773451e-10 2.509133e-09 1.066487e-09 3.435576e-10 1.890534e-10 5.672686e-11 3.524916e-11 1.406647e-11 9.189586e-12 1.321610e-12 1.235534e-12 1.362926e-12 1.346788e-12 1.382160e-12 1.401050e-12 1.411466e-12 1.406254e-12 1.401070e-12 1.394538e-12 1.370087e-12 1.288090e-12 1.367178e-12 1.346065e-12 1.332026e-12 1.314624e-12
  RXDATA4-:FCHIP_RXDATA4-_Group  1.735106e-12 2.474829e-12 1.165927e-11 7.784319e-12 5.735041e-11 4.927638e-11 3.289782e-10 2.299592e-10 1.066487e-09 2.476751e-09 2.399101e-10 1.387258e-10 4.086863e-11 2.433345e-11 9.213995e-12 6.733690e-12 1.310994e-12 1.240929e-12 1.363221e-12 1.348432e-12 1.381575e-12 1.403989e-12 1.414946e-12 1.411411e-12 1.411557e-12 1.398745e-12 1.379437e-12 1.286165e-12 1.371980e-12 1.345003e-12 1.333398e-12 1.315547e-12
  RXDATA5+:FCHIP_RXDATA5+_Group  1.135079e-12 1.494372e-12 4.144079e-12 3.079785e-12 1.988938e-11 1.636457e-11 6.348643e-11 4.674533e-11 3.435576e-10 2.399101e-10 2.770435e-09 9.829688e-10 6.914494e-11 8.557912e-11 3.653160e-11 1.958950e-11 1.319223e-12 1.216469e-12 1.338884e-12 1.336551e-12 1.363064e-12 1.359860e-12 1.373211e-12 1.369433e-12 1.364471e-12 1.361927e-12 1.344586e-12 1.266117e-12 1.349949e-12 1.335000e-12 1.328935e-12 1.337394e-12
  RXDATA5-:FCHIP_RXDATA5-_Group  1.103225e-12 1.460308e-12 3.083158e-12 2.406833e-12 1.176220e-11 1.012788e-11 3.921113e-11 3.051631e-11 1.890534e-10 1.387258e-10 9.829688e-10 2.415634e-09 7.016894e-11 9.696070e-11 4.555668e-11 2.351833e-11 1.246088e-12 1.150687e-12 1.266983e-12 1.256282e-12 1.290275e-12 1.298848e-12 1.311946e-12 1.300741e-12 1.287658e-12 1.293969e-12 1.278817e-12 1.220399e-12 1.288419e-12 1.282489e-12 1.273260e-12 1.250545e-12
  RXDATA6+:FCHIP_RXDATA6+_Group  1.295850e-12 1.265804e-12 1.564400e-12 1.465441e-12 3.166072e-12 2.798973e-12 7.512473e-12 5.701259e-12 5.672686e-11 4.086863e-11 6.914494e-11 7.016894e-11 2.313211e-09 1.300187e-10 3.798360e-11 3.233358e-11 1.301775e-12 1.183691e-12 1.286589e-12 1.276756e-12 1.297335e-12 1.313946e-12 1.324770e-12 1.321396e-12 1.321232e-12 1.330064e-12 1.320059e-12 1.255282e-12 1.326493e-12 1.325169e-12 1.324956e-12 1.316015e-12
  RXDATA6-:FCHIP_RXDATA6-_Group  1.288122e-12 1.234566e-12 1.445599e-12 1.392324e-12 2.761940e-12 2.364887e-12 5.295834e-12 3.863181e-12 3.524916e-11 2.433345e-11 8.557912e-11 9.696070e-11 1.300187e-10 2.363724e-09 6.488466e-11 4.513561e-11 1.298897e-12 1.179705e-12 1.281676e-12 1.266977e-12 1.289718e-12 1.306959e-12 1.319135e-12 1.315728e-12 1.314673e-12 1.323683e-12 1.313562e-12 1.255385e-12 1.322739e-12 1.326065e-12 1.328739e-12 1.309628e-12
  RXDATA7+:FCHIP_RXDATA7+_Group  1.288312e-12 1.184861e-12 1.299630e-12 1.329047e-12 1.935573e-12 1.730839e-12 2.794963e-12 2.136083e-12 1.406647e-11 9.213995e-12 3.653160e-11 4.555668e-11 3.798360e-11 6.488466e-11 2.599363e-09 3.331498e-11 1.336320e-12 1.184930e-12 1.297207e-12 1.251491e-12 1.270079e-12 1.299120e-12 1.306237e-12 1.301977e-12 1.311402e-12 1.304228e-12 1.330195e-12 1.245102e-12 1.321415e-12 1.315260e-12 1.390879e-12 1.447985e-12
  RXDATA7-:FCHIP_RXDATA7-_Group  1.311040e-12 1.259088e-12 1.365141e-12 1.324837e-12 1.656837e-12 1.571387e-12 2.284376e-12 1.969145e-12 9.189586e-12 6.733690e-12 1.958950e-11 2.351833e-11 3.233358e-11 4.513561e-11 3.331498e-11 2.462199e-09 1.277819e-12 1.171701e-12 1.263057e-12 1.256033e-12 1.277812e-12 1.294215e-12 1.306772e-12 1.305012e-12 1.304731e-12 1.317799e-12 1.293341e-12 1.256941e-12 1.315045e-12 1.328734e-12 1.297965e-12 1.280769e-12
  TXDATA0+:FCHIP_TXDATA0+_Group  9.018605e-13 1.343145e-12 1.305579e-12 1.316153e-12 1.332996e-12 1.310812e-12 1.330960e-12 1.333943e-12 1.321610e-12 1.310994e-12 1.319223e-12 1.246088e-12 1.301775e-12 1.298897e-12 1.336320e-12 1.277819e-12 2.029051e-09 7.967658e-10 5.631569e-11 5.282771e-11 9.364406e-12 7.063221e-12 2.346549e-12 2.099943e-12 1.451557e-12 1.382692e-12 1.107738e-12 1.079641e-12 1.332531e-12 1.325784e-12 1.320365e-12 1.312707e-12
  TXDATA0-:FCHIP_TXDATA0-_Group  1.230359e-12 1.178727e-12 1.256897e-12 1.237946e-12 1.246986e-12 1.245206e-12 1.241838e-12 1.242276e-12 1.235534e-12 1.240929e-12 1.216469e-12 1.150687e-12 1.183691e-12 1.179705e-12 1.184930e-12 1.171701e-12 7.967658e-10 2.291913e-09 1.066787e-10 1.143457e-10 1.963503e-11 1.427249e-11 4.193132e-12 3.440096e-12 1.583945e-12 1.466180e-12 1.315141e-12 1.181991e-12 1.255014e-12 1.232332e-12 1.204416e-12 1.188971e-12
  TXDATA1+:FCHIP_TXDATA1+_Group  1.283245e-12 1.300456e-12 1.388910e-12 1.381361e-12 1.375438e-12 1.387226e-12 1.379556e-12 1.379170e-12 1.362926e-12 1.363221e-12 1.338884e-12 1.266983e-12 1.286589e-12 1.281676e-12 1.297207e-12 1.263057e-12 5.631569e-11 1.066787e-10 2.376644e-09 9.699742e-10 1.414903e-10 1.022859e-10 2.892606e-11 2.254463e-11 4.511636e-12 2.245556e-12 1.818338e-12 1.433281e-12 1.761618e-12 1.673544e-12 1.379372e-12 1.551788e-12
  TXDATA1-:FCHIP_TXDATA1-_Group  1.290798e-12 1.284927e-12 1.365450e-12 1.342167e-12 1.362460e-12 1.357152e-12 1.354829e-12 1.359291e-12 1.346788e-12 1.348432e-12 1.336551e-12 1.256282e-12 1.276756e-12 1.266977e-12 1.251491e-12 1.256033e-12 5.282771e-11 1.143457e-10 9.699742e-10 2.366769e-09 2.129175e-10 1.471170e-10 4.338731e-11 3.271148e-11 5.743641e-12 2.851214e-12 2.178555e-12 1.399206e-12 1.884150e-12 1.801342e-12 1.367358e-12 1.671777e-12
  TXDATA2+:FCHIP_TXDATA2+_Group  1.333871e-12 1.305895e-12 1.399645e-12 1.378748e-12 1.388730e-12 1.391538e-12 1.391310e-12 1.390577e-12 1.382160e-12 1.381575e-12 1.363064e-12 1.290275e-12 1.297335e-12 1.289718e-12 1.270079e-12 1.277812e-12 9.364406e-12 1.963503e-11 1.414903e-10 2.129175e-10 2.447544e-09 1.047327e-09 1.810838e-10 1.329373e-10 1.143959e-11 6.977894e-12 4.248350e-12 1.777821e-12 2.661516e-12 2.334261e-12 1.533445e-12 2.009685e-12
  TXDATA2-:FCHIP_TXDATA2-_Group  1.312381e-12 1.305246e-12 1.419703e-12 1.396653e-12 1.397026e-12 1.416572e-12 1.414854e-12 1.404794e-12 1.401050e-12 1.403989e-12 1.359860e-12 1.298848e-12 1.313946e-12 1.306959e-12 1.299120e-12 1.294215e-12 7.063221e-12 1.427249e-11 1.022859e-10 1.471170e-10 1.047327e-09 2.416387e-09 2.469434e-10 1.797569e-10 1.576244e-11 5.690778e-12 4.765933e-12 2.591392e-12 3.242293e-12 2.885597e-12 1.669913e-12 2.494591e-12
  TXDATA3+:FCHIP_TXDATA3+_Group  1.343746e-12 1.312553e-12 1.428262e-12 1.413890e-12 1.415935e-12 1.431410e-12 1.421537e-12 1.416536e-12 1.411466e-12 1.414946e-12 1.373211e-12 1.311946e-12 1.324770e-12 1.319135e-12 1.306237e-12 1.306772e-12 2.346549e-12 4.193132e-12 2.892606e-11 4.338731e-11 1.810838e-10 2.469434e-10 2.082177e-09 8.694551e-10 1.147105e-10 9.012894e-11 1.811104e-11 1.102156e-11 4.521126e-12 3.041476e-12 1.846920e-12 1.864956e-12
  TXDATA3-:FCHIP_TXDATA3-_Group  1.349320e-12 1.299538e-12 1.417318e-12 1.411284e-12 1.414592e-12 1.428813e-12 1.412881e-12 1.410304e-12 1.406254e-12 1.411411e-12 1.369433e-12 1.300741e-12 1.321396e-12 1.315728e-12 1.301977e-12 1.305012e-12 2.099943e-12 3.440096e-12 2.254463e-11 3.271148e-11 1.329373e-10 1.797569e-10 8.694551e-10 2.131117e-09 1.821387e-10 1.270031e-10 2.778010e-11 1.736646e-11 7.305278e-12 5.027811e-12 2.292085e-12 3.135409e-12
  TXDATA4+:FCHIP_TXDATA4+_Group  1.322546e-12 1.288322e-12 1.407821e-12 1.400657e-12 1.406316e-12 1.423987e-12 1.405818e-12 1.401191e-12 1.401070e-12 1.411557e-12 1.364471e-12 1.287658e-12 1.321232e-12 1.314673e-12 1.311402e-12 1.304731e-12 1.451557e-12 1.583945e-12 4.511636e-12 5.743641e-12 1.143959e-11 1.576244e-11 1.147105e-10 1.821387e-10 2.453167e-09 1.199081e-09 3.205310e-10 1.927301e-10 5.860979e-11 3.409022e-11 1.017601e-11 1.118648e-11
  TXDATA4-:FCHIP_TXDATA4-_Group  1.331794e-12 1.307015e-12 1.404937e-12 1.402286e-12 1.411538e-12 1.410890e-12 1.404421e-12 1.405399e-12 1.394538e-12 1.398745e-12 1.361927e-12 1.293969e-12 1.330064e-12 1.323683e-12 1.304228e-12 1.317799e-12 1.382692e-12 1.466180e-12 2.245556e-12 2.851214e-12 6.977894e-12 5.690778e-12 9.012894e-11 1.270031e-10 1.199081e-09 2.515282e-09 4.324980e-10 2.420014e-10 7.370737e-11 4.457848e-11 1.259845e-11 1.530079e-11
  TXDATA5+:FCHIP_TXDATA5+_Group  1.301324e-12 1.301516e-12 1.386869e-12 1.366399e-12 1.370706e-12 1.385359e-12 1.375426e-12 1.369064e-12 1.370087e-12 1.379437e-12 1.344586e-12 1.278817e-12 1.320059e-12 1.313562e-12 1.330195e-12 1.293341e-12 1.107738e-12 1.315141e-12 1.818338e-12 2.178555e-12 4.248350e-12 4.765933e-12 1.811104e-11 2.778010e-11 3.205310e-10 4.324980e-10 2.832660e-09 1.038020e-09 7.630553e-11 8.920242e-11 2.540420e-11 3.704283e-11
  TXDATA5-:FCHIP_TXDATA5-_Group  1.222726e-12 1.246551e-12 1.318369e-12 1.289821e-12 1.301923e-12 1.314640e-12 1.293409e-12 1.292862e-12 1.288090e-12 1.286165e-12 1.266117e-12 1.220399e-12 1.255282e-12 1.255385e-12 1.245102e-12 1.256941e-12 1.079641e-12 1.181991e-12 1.433281e-12 1.399206e-12 1.777821e-12 2.591392e-12 1.102156e-11 1.736646e-11 1.927301e-10 2.420014e-10 1.038020e-09 2.477251e-09 7.072506e-11 9.568196e-11 3.189232e-11 4.734248e-11
  TXDATA6+:FCHIP_TXDATA6+_Group  1.321166e-12 1.284831e-12 1.373044e-12 1.365604e-12 1.365203e-12 1.374187e-12 1.371141e-12 1.367117e-12 1.367178e-12 1.371980e-12 1.349949e-12 1.288419e-12 1.326493e-12 1.322739e-12 1.321415e-12 1.315045e-12 1.332531e-12 1.255014e-12 1.761618e-12 1.884150e-12 2.661516e-12 3.242293e-12 4.521126e-12 7.305278e-12 5.860979e-11 7.370737e-11 7.630553e-11 7.072506e-11 2.436492e-09 1.560994e-10 4.559255e-11 4.815926e-11
  TXDATA6-:FCHIP_TXDATA6-_Group  1.313746e-12 1.270807e-12 1.356281e-12 1.343055e-12 1.346752e-12 1.357666e-12 1.347617e-12 1.345620e-12 1.346065e-12 1.345003e-12 1.335000e-12 1.282489e-12 1.325169e-12 1.326065e-12 1.315260e-12 1.328734e-12 1.325784e-12 1.232332e-12 1.673544e-12 1.801342e-12 2.334261e-12 2.885597e-12 3.041476e-12 5.027811e-12 3.409022e-11 4.457848e-11 8.920242e-11 9.568196e-11 1.560994e-10 2.353623e-09 5.603144e-11 7.282893e-11
  TXDATA7+:FCHIP_TXDATA7+_Group  1.302480e-12 1.253162e-12 1.324562e-12 1.323583e-12 1.329623e-12 1.333218e-12 1.329532e-12 1.326525e-12 1.332026e-12 1.333398e-12 1.328935e-12 1.273260e-12 1.324956e-12 1.328739e-12 1.390879e-12 1.297965e-12 1.320365e-12 1.204416e-12 1.379372e-12 1.367358e-12 1.533445e-12 1.669913e-12 1.846920e-12 2.292085e-12 1.017601e-11 1.259845e-11 2.540420e-11 3.189232e-11 4.559255e-11 5.603144e-11 2.404374e-09 3.949509e-11
  TXDATA7-:FCHIP_TXDATA7-_Group  1.321858e-12 1.227925e-12 1.295899e-12 1.307250e-12 1.289874e-12 1.310008e-12 1.310540e-12 1.302538e-12 1.314624e-12 1.315547e-12 1.337394e-12 1.250545e-12 1.316015e-12 1.309628e-12 1.447985e-12 1.280769e-12 1.312707e-12 1.188971e-12 1.551788e-12 1.671777e-12 2.009685e-12 2.494591e-12 1.864956e-12 3.135409e-12 1.118648e-11 1.530079e-11 3.704283e-11 4.734248e-11 4.815926e-11 7.282893e-11 3.949509e-11 2.595351e-09
 EndIndMat

 CndMat 32
  RXDATA0+:BGA_RXDATA0+_Group  6.857033e-06 -1.015130e-06 -1.230231e-09 -9.291949e-09 -4.659524e-12 -1.793535e-10 -1.202902e-11 -1.052204e-11 -7.348136e-12 -1.063336e-11 -1.162282e-11 -8.801254e-12 -6.965260e-12 -7.147178e-12 -7.455296e-12 -7.242638e-12 -3.761248e-13 -1.197310e-11 -2.819271e-11 -8.351986e-12 -2.895817e-12 -6.768975e-12 -6.224834e-12 -8.772292e-12 -4.709460e-12 -6.265285e-12 -9.780009e-12 -9.749219e-12 -2.225800e-11 -2.116843e-11 -9.121932e-12 -8.224222e-12
  RXDATA0-:BGA_RXDATA0-_Group  -1.015130e-06 7.043462e-06 -7.120554e-09 -2.366260e-08 -6.644918e-12 -1.008452e-10 -1.146986e-11 -2.063618e-12 -8.296792e-12 -2.029847e-11 -8.083502e-12 -9.866333e-12 -1.000498e-11 -4.520322e-12 -9.025081e-12 -1.391188e-12 -4.618368e-12 -1.193240e-11 -2.604741e-11 -7.109671e-12 -1.166627e-11 -1.962909e-11 -1.000781e-11 -1.571945e-12 -7.381462e-14 -1.352301e-11 -8.275177e-12 -6.976351e-12 -3.296097e-11 -4.298432e-12 -2.318352e-12 -5.669854e-12
  RXDATA1+:BGA_RXDATA1+_Group  -1.230231e-09 -7.120554e-09 7.260840e-06 -1.173330e-06 -5.516659e-09 -1.377296e-08 -4.818629e-11 -5.828353e-11 -1.697667e-11 -3.561963e-11 -2.283753e-11 -8.762036e-12 -6.640992e-12 -6.373500e-12 -8.847987e-12 -1.485057e-11 -3.152219e-12 -4.574395e-13 -2.414864e-12 -7.464641e-12 -6.510130e-12 -6.969273e-12 -2.216337e-11 -7.884113e-12 -5.448718e-12 -8.063937e-13 -9.513724e-12 -8.492021e-12 -9.270232e-12 -1.088431e-11 -5.002851e-12 -6.837422e-12
  RXDATA1-:BGA_RXDATA1-_Group  -9.291949e-09 -2.366260e-08 -1.173330e-06 6.847859e-06 -2.659939e-09 -9.510796e-09 -1.526645e-11 -1.724617e-11 -7.764916e-12 -1.190691e-11 -1.394150e-11 -8.496725e-12 -6.168652e-12 -6.227283e-12 -6.713720e-12 -6.201257e-12 -1.351369e-11 -8.709834e-12 -3.628476e-12 -7.703265e-12 -1.432325e-11 -6.162284e-12 -2.958463e-12 -9.104314e-12 -1.123135e-11 -9.988508e-12 -8.349803e-12 -7.990093e-12 -2.395339e-11 -1.149794e-12 -8.052308e-12 -6.336978e-12
  RXDATA2+:BGA_RXDATA2+_Group  -4.659524e-12 -6.644918e-12 -5.516659e-09 -2.659939e-09 6.624696e-06 -1.071727e-06 -5.415252e-09 -9.961209e-09 -3.029593e-10 -9.944120e-10 -1.103435e-11 -4.192102e-12 -6.567429e-12 -6.569562e-12 -9.943315e-12 -5.970368e-12 -7.281789e-12 -1.067885e-11 -1.410250e-11 -7.476384e-12 -5.875196e-12 -4.364379e-11 -9.130734e-12 -5.530620e-12 -5.777579e-12 -5.356841e-12 -8.559901e-12 -7.944093e-12 -4.228131e-12 -1.164283e-11 -6.091143e-12 -6.697930e-12
  RXDATA2-:BGA_RXDATA2-_Group  -1.793535e-10 -1.008452e-10 -1.377296e-08 -9.510796e-09 -1.071727e-06 6.405135e-06 -2.880892e-09 -5.552578e-09 -1.557861e-10 -5.141368e-10 -5.447155e-12 -9.479844e-12 -8.579616e-12 -5.274978e-12 -5.736165e-12 -3.666638e-12 -1.062769e-11 -5.723709e-12 -1.137815e-11 -6.536805e-12 -3.996434e-11 -3.722959e-12 -1.663565e-12 -2.782542e-11 -4.438394e-13 -1.290870e-11 -7.986742e-12 -7.310689e-12 -5.691835e-12 -5.469901e-12 -5.618352e-13 -5.922737e-12
  RXDATA3+:BGA_RXDATA3+_Group  -1.202902e-11 -1.146986e-11 -4.818629e-11 -1.526645e-11 -5.415252e-09 -2.880892e-09 6.129083e-06 -9.536800e-07 -3.875218e-08 -1.449137e-07 -9.151002e-10 -4.642623e-10 -3.858027e-12 -7.970058e-12 -1.410082e-11 -9.327334e-12 -4.638619e-12 -1.560048e-11 -2.401509e-11 -6.485298e-12 -6.145718e-12 -6.796758e-12 -4.441917e-12 -3.567518e-14 -2.903584e-12 -1.457422e-11 -7.565201e-12 -6.887618e-12 -2.750211e-11 -4.628506e-12 -5.132009e-12 -5.497799e-12
  RXDATA3-:BGA_RXDATA3-_Group  -1.052204e-11 -2.063618e-12 -5.828353e-11 -1.724617e-11 -9.961209e-09 -5.552578e-09 -9.536800e-07 6.143817e-06 -1.523252e-08 -4.181416e-08 -4.068049e-10 -1.715515e-10 -2.180554e-11 -2.336831e-12 -2.313490e-12 -5.944193e-12 -5.395074e-12 -9.802902e-12 -7.630775e-12 -6.696885e-12 -1.010894e-11 -3.269784e-12 -3.743069e-12 -1.281179e-13 -4.044267e-12 -4.425440e-12 -7.641515e-12 -6.969730e-12 -2.393948e-11 -3.445202e-12 -1.342172e-12 -5.988221e-12
  RXDATA4+:BGA_RXDATA4+_Group  -7.348136e-12 -8.296792e-12 -1.697667e-11 -7.764916e-12 -3.029593e-10 -1.557861e-10 -3.875218e-08 -1.523252e-08 6.871492e-06 -1.160945e-06 -2.042699e-08 -9.838027e-09 -4.950815e-11 -1.384638e-11 -1.319028e-11 -1.229585e-11 -7.265266e-12 -3.361510e-12 -6.098994e-12 -7.645210e-12 -1.100518e-11 -7.486353e-12 -8.558322e-12 -5.182900e-12 -7.085774e-12 -5.358896e-12 -8.833748e-12 -7.965868e-12 -3.675415e-12 -4.645174e-12 -8.542756e-12 -6.306258e-12
  RXDATA4-:BGA_RXDATA4-_Group  -1.063336e-11 -2.029847e-11 -3.561963e-11 -1.190691e-11 -9.944120e-10 -5.141368e-10 -1.449137e-07 -4.181416e-08 -1.160945e-06 6.884408e-06 -8.726096e-09 -4.371026e-09 -1.132236e-11 -1.136548e-11 -9.819735e-12 -8.777707e-12 -2.461941e-12 -5.757245e-12 -7.579513e-12 -7.255200e-12 -5.801552e-12 -6.739488e-12 -5.918511e-12 -4.703935e-12 -6.942142e-12 -8.528902e-12 -8.759106e-12 -7.154268e-12 -5.331464e-12 -1.006309e-11 -6.227046e-12 -6.048362e-12
  RXDATA5+:BGA_RXDATA5+_Group  -1.162282e-11 -8.083502e-12 -2.283753e-11 -1.394150e-11 -1.103435e-11 -5.447155e-12 -9.151002e-10 -4.068049e-10 -2.042699e-08 -8.726096e-09 8.211590e-06 -1.491595e-06 -1.651853e-10 -9.531980e-11 -1.559685e-11 -2.760708e-11 -7.263429e-12 -8.760345e-12 -1.984251e-12 -8.813562e-12 -8.596724e-12 -8.436388e-12 -7.985261e-12 -8.988562e-12 -8.459686e-12 -1.305255e-11 -1.066794e-11 -9.240347e-12 -8.713988e-12 -2.028018e-12 -6.554046e-12 -8.461432e-12
  RXDATA5-:BGA_RXDATA5-_Group  -8.801254e-12 -9.866333e-12 -8.762036e-12 -8.496725e-12 -4.192102e-12 -9.479844e-12 -4.642623e-10 -1.715515e-10 -9.838027e-09 -4.371026e-09 -1.491595e-06 8.196264e-06 -1.214708e-10 -1.618167e-10 -8.680179e-11 -3.231243e-11 -7.248356e-12 -6.890177e-12 -1.392590e-11 -9.262896e-12 -8.791278e-12 -8.469167e-12 -7.937390e-12 -4.443138e-12 -7.467884e-12 -4.134434e-12 -9.697078e-12 -9.448119e-12 -5.722870e-12 -6.020349e-12 -1.099559e-11 -7.325237e-12
  RXDATA6+:BGA_RXDATA6+_Group  -6.965260e-12 -1.000498e-11 -6.640992e-12 -6.168652e-12 -6.567429e-12 -8.579616e-12 -3.858027e-12 -2.180554e-11 -4.950815e-11 -1.132236e-11 -1.651853e-10 -1.214708e-10 5.114575e-06 -1.872077e-10 -1.615508e-11 -2.888982e-11 -5.602061e-12 -5.743677e-12 -5.957484e-12 -6.403884e-12 -6.227809e-12 -6.857658e-12 -5.655102e-12 -1.620909e-11 -5.717160e-12 -9.190563e-12 -7.430787e-12 -6.762808e-12 -3.318642e-12 -1.388241e-11 -5.259442e-12 -5.598617e-12
  RXDATA6-:BGA_RXDATA6-_Group  -7.147178e-12 -4.520322e-12 -6.373500e-12 -6.227283e-12 -6.569562e-12 -5.274978e-12 -7.970058e-12 -2.336831e-12 -1.384638e-11 -1.136548e-11 -9.531980e-11 -1.618167e-10 -1.872077e-10 5.183553e-06 -5.954142e-11 -1.994851e-11 -5.626508e-12 -5.822080e-12 -5.989356e-12 -6.495885e-12 -6.339979e-12 -6.624490e-12 -5.825412e-12 -8.142749e-12 -5.802305e-12 -5.410376e-12 -7.432260e-12 -7.191486e-12 -4.894554e-12 -1.800485e-12 -5.535090e-12 -5.536310e-12
  RXDATA7+:BGA_RXDATA7+_Group  -7.455296e-12 -9.025081e-12 -8.847987e-12 -6.713720e-12 -9.943315e-12 -5.736165e-12 -1.410082e-11 -2.313490e-12 -1.319028e-11 -9.819735e-12 -1.559685e-11 -8.680179e-11 -1.615508e-11 -5.954142e-11 5.495230e-06 -9.711368e-11 -6.791648e-12 -9.507350e-12 -3.775549e-12 -6.962388e-12 -1.225152e-11 -4.665815e-12 -7.425032e-12 -2.852048e-12 -4.988031e-12 -1.043561e-12 -8.149608e-12 -6.939553e-12 -1.506844e-11 -2.057240e-11 -6.244818e-12 -7.988683e-12
  RXDATA7-:BGA_RXDATA7-_Group  -7.242638e-12 -1.391188e-12 -1.485057e-11 -6.201257e-12 -5.970368e-12 -3.666638e-12 -9.327334e-12 -5.944193e-12 -1.229585e-11 -8.777707e-12 -2.760708e-11 -3.231243e-11 -2.888982e-11 -1.994851e-11 -9.711368e-11 5.330104e-06 -5.481401e-12 -1.349010e-11 -2.198599e-11 -6.635550e-12 -9.430464e-12 -5.250379e-12 -1.448936e-11 -1.206369e-12 -6.194752e-12 -6.673797e-12 -7.404327e-12 -7.927487e-12 -4.499582e-12 -1.231181e-11 -7.672763e-13 -5.106202e-12
  TXDATA0+:BGA_TXDATA0+_Group  -3.761248e-13 -4.618368e-12 -3.152219e-12 -1.351369e-11 -7.281789e-12 -1.062769e-11 -4.638619e-12 -5.395074e-12 -7.265266e-12 -2.461941e-12 -7.263429e-12 -7.248356e-12 -5.602061e-12 -5.626508e-12 -6.791648e-12 -5.481401e-12 6.816564e-06 -1.011947e-06 -3.518995e-09 -6.717859e-10 -8.109287e-11 -9.183351e-12 -1.165663e-11 -5.592171e-12 -1.999807e-11 -2.538452e-11 -1.981906e-11 -6.274183e-12 -1.329813e-11 -4.941011e-12 -1.386578e-11 -6.219716e-12
  TXDATA0-:BGA_TXDATA0-_Group  -1.197310e-11 -1.193240e-11 -4.574395e-13 -8.709834e-12 -1.067885e-11 -5.723709e-12 -1.560048e-11 -9.802902e-12 -3.361510e-12 -5.757245e-12 -8.760345e-12 -6.890177e-12 -5.743677e-12 -5.822080e-12 -9.507350e-12 -1.349010e-11 -1.011947e-06 7.046607e-06 -1.073305e-08 -3.309502e-09 -2.549191e-11 -6.414598e-11 -2.888839e-11 -1.077043e-11 -1.270313e-11 -8.624909e-12 -3.263826e-11 -9.048838e-12 -3.607178e-11 -5.652108e-12 -8.946538e-13 -6.703886e-12
  TXDATA1+:BGA_TXDATA1+_Group  -2.819271e-11 -2.604741e-11 -2.414864e-12 -3.628476e-12 -1.410250e-11 -1.137815e-11 -2.401509e-11 -7.630775e-12 -6.098994e-12 -7.579513e-12 -1.984251e-12 -1.392590e-11 -5.957484e-12 -5.989356e-12 -3.775549e-12 -2.198599e-11 -3.518995e-09 -1.073305e-08 7.140332e-06 -1.175545e-06 -7.416404e-09 -3.352637e-09 -5.398683e-12 -1.254042e-11 -2.485109e-11 -1.161298e-11 -1.489075e-11 -4.309832e-13 -1.095315e-11 -6.198393e-12 -6.252353e-11 -6.989545e-12
  TXDATA1-:BGA_TXDATA1-_Group  -8.351986e-12 -7.109671e-12 -7.464641e-12 -7.703265e-12 -7.476384e-12 -6.536805e-12 -6.485298e-12 -6.696885e-12 -7.645210e-12 -7.255200e-12 -8.813562e-12 -9.262896e-12 -6.403884e-12 -6.495885e-12 -6.962388e-12 -6.635550e-12 -6.717859e-10 -3.309502e-09 -1.175545e-06 7.259576e-06 -1.842505e-08 -7.832474e-09 -4.907670e-11 -1.238799e-10 -1.371874e-11 -1.284427e-11 -2.103337e-11 -9.575409e-12 -9.714031e-12 -1.103112e-12 -6.906340e-12 -7.353024e-12
  TXDATA2+:BGA_TXDATA2+_Group  -2.895817e-12 -1.166627e-11 -6.510130e-12 -1.432325e-11 -5.875196e-12 -3.996434e-11 -6.145718e-12 -1.010894e-11 -1.100518e-11 -5.801552e-12 -8.596724e-12 -8.791278e-12 -6.227809e-12 -6.339979e-12 -1.225152e-11 -9.430464e-12 -8.109287e-11 -2.549191e-11 -7.416404e-09 -1.842505e-08 7.000764e-06 -1.120902e-06 -5.332449e-09 -2.851083e-09 -1.476496e-10 -4.778486e-11 -2.270664e-11 -9.333224e-12 -2.348363e-11 -1.754244e-11 -2.273862e-11 -6.980502e-12
  TXDATA2-:BGA_TXDATA2-_Group  -6.768975e-12 -1.962909e-11 -6.969273e-12 -6.162284e-12 -4.364379e-11 -3.722959e-12 -6.796758e-12 -3.269784e-12 -7.486353e-12 -6.739488e-12 -8.436388e-12 -8.469167e-12 -6.857658e-12 -6.624490e-12 -4.665815e-12 -5.250379e-12 -9.183351e-12 -6.414598e-11 -3.352637e-09 -7.832474e-09 -1.120902e-06 6.838153e-06 -1.516014e-08 -1.075785e-08 -7.767711e-10 -1.337338e-10 -3.829344e-11 -4.388029e-12 -1.113334e-11 -2.324229e-12 -2.121496e-11 -7.450593e-12
  TXDATA3+:BGA_TXDATA3+_Group  -6.224834e-12 -1.000781e-11 -2.216337e-11 -2.958463e-12 -9.130734e-12 -1.663565e-12 -4.441917e-12 -3.743069e-12 -8.558322e-12 -5.918511e-12 -7.985261e-12 -7.937390e-12 -5.655102e-12 -5.825412e-12 -7.425032e-12 -1.448936e-11 -1.165663e-11 -2.888839e-11 -5.398683e-12 -4.907670e-11 -5.332449e-09 -1.516014e-08 6.357799e-06 -9.259710e-07 -1.494806e-08 -5.481161e-09 -7.917874e-11 -4.362547e-11 -2.641815e-11 -4.836308e-12 -1.138575e-11 -6.597070e-12
  TXDATA3-:BGA_TXDATA3-_Group  -8.772292e-12 -1.571945e-12 -7.884113e-12 -9.104314e-12 -5.530620e-12 -2.782542e-11 -3.567518e-14 -1.281179e-13 -5.182900e-12 -4.703935e-12 -8.988562e-12 -4.443138e-12 -1.620909e-11 -8.142749e-12 -2.852048e-12 -1.206369e-12 -5.592171e-12 -1.077043e-11 -1.254042e-11 -1.238799e-10 -2.851083e-09 -1.075785e-08 -9.259710e-07 6.139509e-06 -5.609433e-08 -1.609962e-08 -1.542452e-10 -3.640151e-10 -3.583067e-11 -1.006988e-11 -1.343345e-11 -9.323737e-12
  TXDATA4+:BGA_TXDATA4+_Group  -4.709460e-12 -7.381462e-14 -5.448718e-12 -1.123135e-11 -5.777579e-12 -4.438394e-13 -2.903584e-12 -4.044267e-12 -7.085774e-12 -6.942142e-12 -8.459686e-12 -7.467884e-12 -5.717160e-12 -5.802305e-12 -4.988031e-12 -6.194752e-12 -1.999807e-11 -1.270313e-11 -2.485109e-11 -1.371874e-11 -1.476496e-10 -7.767711e-10 -1.494806e-08 -5.609433e-08 6.891129e-06 -1.317922e-06 -1.620493e-08 -9.791503e-09 -6.590704e-11 -9.674228e-12 -1.522958e-11 -1.156378e-11
  TXDATA4-:BGA_TXDATA4-_Group  -6.265285e-12 -1.352301e-11 -8.063937e-13 -9.988508e-12 -5.356841e-12 -1.290870e-11 -1.457422e-11 -4.425440e-12 -5.358896e-12 -8.528902e-12 -1.305255e-11 -4.134434e-12 -9.190563e-12 -5.410376e-12 -1.043561e-12 -6.673797e-12 -2.538452e-11 -8.624909e-12 -1.161298e-11 -1.284427e-11 -4.778486e-11 -1.337338e-10 -5.481161e-09 -1.609962e-08 -1.317922e-06 6.897687e-06 -3.587040e-08 -1.642114e-08 -6.596983e-10 -3.966405e-12 -1.005734e-12 -1.816911e-11
  TXDATA5+:BGA_TXDATA5+_Group  -9.780009e-12 -8.275177e-12 -9.513724e-12 -8.349803e-12 -8.559901e-12 -7.986742e-12 -7.565201e-12 -7.641515e-12 -8.833748e-12 -8.759106e-12 -1.066794e-11 -9.697078e-12 -7.430787e-12 -7.432260e-12 -8.149608e-12 -7.404327e-12 -1.981906e-11 -3.263826e-11 -1.489075e-11 -2.103337e-11 -2.270664e-11 -3.829344e-11 -7.917874e-11 -1.542452e-10 -1.620493e-08 -3.587040e-08 8.210875e-06 -1.499891e-06 -1.852886e-10 -9.056731e-12 -1.806082e-11 -3.490815e-11
  TXDATA5-:BGA_TXDATA5-_Group  -9.749219e-12 -6.976351e-12 -8.492021e-12 -7.990093e-12 -7.944093e-12 -7.310689e-12 -6.887618e-12 -6.969730e-12 -7.965868e-12 -7.154268e-12 -9.240347e-12 -9.448119e-12 -6.762808e-12 -7.191486e-12 -6.939553e-12 -7.927487e-12 -6.274183e-12 -9.048838e-12 -4.309832e-13 -9.575409e-12 -9.333224e-12 -4.388029e-12 -4.362547e-11 -3.640151e-10 -9.791503e-09 -1.642114e-08 -1.499891e-06 8.223214e-06 -2.092363e-10 -3.218366e-10 -3.036903e-11 -4.275872e-11
  TXDATA6+:BGA_TXDATA6+_Group  -2.225800e-11 -3.296097e-11 -9.270232e-12 -2.395339e-11 -4.228131e-12 -5.691835e-12 -2.750211e-11 -2.393948e-11 -3.675415e-12 -5.331464e-12 -8.713988e-12 -5.722870e-12 -3.318642e-12 -4.894554e-12 -1.506844e-11 -4.499582e-12 -1.329813e-11 -3.607178e-11 -1.095315e-11 -9.714031e-12 -2.348363e-11 -1.113334e-11 -2.641815e-11 -3.583067e-11 -6.590704e-11 -6.596983e-10 -1.852886e-10 -2.092363e-10 5.189797e-06 -7.813870e-10 -8.282828e-11 -3.855319e-11
  TXDATA6-:BGA_TXDATA6-_Group  -2.116843e-11 -4.298432e-12 -1.088431e-11 -1.149794e-12 -1.164283e-11 -5.469901e-12 -4.628506e-12 -3.445202e-12 -4.645174e-12 -1.006309e-11 -2.028018e-12 -6.020349e-12 -1.388241e-11 -1.800485e-12 -2.057240e-11 -1.231181e-11 -4.941011e-12 -5.652108e-12 -6.198393e-12 -1.103112e-12 -1.754244e-11 -2.324229e-12 -4.836308e-12 -1.006988e-11 -9.674228e-12 -3.966405e-12 -9.056731e-12 -3.218366e-10 -7.813870e-10 5.197203e-06 -1.201361e-10 -2.163617e-11
  TXDATA7+:BGA_TXDATA7+_Group  -9.121932e-12 -2.318352e-12 -5.002851e-12 -8.052308e-12 -6.091143e-12 -5.618352e-13 -5.132009e-12 -1.342172e-12 -8.542756e-12 -6.227046e-12 -6.554046e-12 -1.099559e-11 -5.259442e-12 -5.535090e-12 -6.244818e-12 -7.672763e-13 -1.386578e-11 -8.946538e-13 -6.252353e-11 -6.906340e-12 -2.273862e-11 -2.121496e-11 -1.138575e-11 -1.343345e-11 -1.522958e-11 -1.005734e-12 -1.806082e-11 -3.036903e-11 -8.282828e-11 -1.201361e-10 5.247124e-06 -2.602860e-11
  TXDATA7-:BGA_TXDATA7-_Group  -8.224222e-12 -5.669854e-12 -6.837422e-12 -6.336978e-12 -6.697930e-12 -5.922737e-12 -5.497799e-12 -5.988221e-12 -6.306258e-12 -6.048362e-12 -8.461432e-12 -7.325237e-12 -5.598617e-12 -5.536310e-12 -7.988683e-12 -5.106202e-12 -6.219716e-12 -6.703886e-12 -6.989545e-12 -7.353024e-12 -6.980502e-12 -7.450593e-12 -6.597070e-12 -9.323737e-12 -1.156378e-11 -1.816911e-11 -3.490815e-11 -4.275872e-11 -3.855319e-11 -2.163617e-11 -2.602860e-11 5.463030e-06
 EndCndMat

E_PARAMS
